60 1331331113( 1133131111( 31313113

11333, 3113 333 1 1113333 2 31113313 ubas, otro 333 33 133-
scaron, y otro 333 331333, 3113 333 33 313113 333133 y 33
31313 animal, 3113333 33 313113 131133, 3113333 33 33113
y 333 figmina, y 3113333 33 mascaron y una 1313.

8 0313113 - 83113133331113113333113113 de 3131313 33
13131313 6 3313 933. 331 5 331. y ¹l2‚ el que 33311333
113 3313313 13 313311331313, 33 3331331133 31113133, ytres
figuras pequefias 333 manto y 11331133, y algunas columnas
3133131333 de 313311331313, que 111333 11 331 13 31331333
2 331.,313 alto 1 331. 3113 y 3 33 1313 11333 333 1313
13 33313 13 9 33. grande, que contiene un 33133331 1313
1331313313 13 33131 113113, 333 33 (33311313 333313313 331-

33331313331133113,33331313 131 3313311313311 33 3313131
{a 1 3133 333 3133 y 3311333 13 331313 y cola de leon: y 33-
3131313 133 3133 131313 3331313 13 33131 13 311133 333 algu-
3331313331133333, y un quadreto jalo con 333 13113 'a dos
33333, 33331133 333133313, y 133113 13 ruente 333 31313 33
3111333 3133 3111311333 medio 1133113313 133113 33113 sor·
1333113131333313133131113113113. 1131333331133133331113113
31133133 31313133, 13 333 13 1 331. 33 quadro 33311333 333
1113313 sobre 1133 313313 1333, 333 333 3313133313 y 333 113-
333133131313 3133133133 13 311313 3 331. y 1 33. por 2
331. 311233311333113331113133 33313133 3313 333 11133333
y color 13 311133 y al 1313131· 13 13 31313113 continua un friso
333 1333133 1133333 y 13133. Y 1133 113313 31 113 7 ocho 33-
1331113313 133133 3131313, 31 333 33311333 3313133 (13 333
3313133313 3113 1133113333 3113 333 3313133313 333 3313133
13 3313113 3113 33311313, ydos saeos colgados 333 133 1-
3311333333331133, 333 3313133313, y 333 13113ς 3113331133
3313333 333 333 31313333 3133, y 133333 33111313 3313-
31131. 1131333 1133 113313 333 33333113 1333313 13 313131,
3331133311 33 1313 3311333 13 3313313131 33133313, 313113
11333 33 33113113 33 liquato, 333 331131313, 331 33133
1133 clabos 3333113 331331113, 131313 133131.

15 0313113-13113 31331331333 31 1313133 lugat 31 113-
1313, y 33 ha 3333311313 y traydo el dia 11 1133 3313333 13
331331133 13 1113133133 3131133133, 31113333, jalo antiguo,
saraheza 11333313313, 3333333313 33 33333313 13 (33131
13 6 33. 13 113313113, y 3 33. 13133133131333333136331
’ 3113 33333313 1313 33 8 3313333 333 13 3133333 13133313,
hecha 33313 333 113333 333 133331313 (33131333331133313
3133313131, y 31 3113 1313 una 13313333111331113 dos li-

 

