1111111 181

’ 1111 111 1111111111111111 11111 1111111111, quondo git 111 1111111 111111
1111111111 nella precedente 11111111111111, 11111 111111111111111111111 111111
1111111111 111111111111111111, 1111 1111111, 111 111111 1111111111 111111111111

111 11111 11 111111 11111111111 11 1111111 111111111111111 11 111111111111- ·

11111111, 1111111 1111 11111 1111111111 od 11111111111111 (11 111 1111111 11111
11111 1111111111 111111111111 1111111111111 V. E. 11 determinato 11111111 111
1111111 opportuno. 111111 questo, 111111 ogni 11111 1111 11111 1111111111
111111111111111 11111111.

’ 111. 11111111 1111111111111111 11111 11 1111111 1111111 11111111, 111111
1111111 111 modo, 111 11111111111 11111111 11111 1 111111 11 1 11 11111, 111
formem l’oggotto 11 1111111111 11111 11111111111111. st 111111, 111 11 1111
11 qualo 1111111 11111 ogni 11111 1111111 11111, 1 11 11111111 11 1111111111 11
1111111 1111111111 1111111111 1111111111 1111111 11111 111111 11111 11111 111- 1
11, 111 1 1111111111 11 111 1111111 11111111 11111 11111 1111111111. 1111111, 111
1111111 111 1111 1111111111, 11 111111111111 mo 11111111111111111111 111111·
1111111111, 11 111111 111 contrario 11111111111111111111111111111111111111-
1111 111111 insieme 1 11 1111 ogni 11111 111, 1111111111 1 1111111 1111 11111
111111111111111111111111111, 111 1111111 11111 qualo 11111111 11111111
1111111111111111111 111111111111 111111111111111 11 111111111111111 tor·
1111011 111, 1111111111 mtto 111111111111111111111 1111111111, 11 11111 11
111111 1111 11111 1111111111 111 111111; 111111 11 trovato 11111111 11111 11·

* 11111111111111111111111111111111111111111111111111,1111111111111111111111
11111111 11 11 trovato 11111 11111 1111111111 11 1111111 11 proposito 1 111. ,

11111111111 111111 111111111111111111 11111111 1111111, 1111 111111111. Quasi
1 11111 quusi 11 1111111111111111 111 1111111111111111111111 11 11111111 111·

111111 111 11111 1 11 111111 1111111111111111111111111111111111111111111·
111111111 rosto 11111111 1111111111111111111, 1 11 11111 11111 111111111111
11 reno (11 111111 1111111 11 1111111111111111 v. 11. 111 1111 11111111111111
111 11 1 11 1111111 11 11 1 1111 1111111111 111111111111111111111111111111111111-
11111111111, 111 sono 1111111, subito 11111 1111. 1111111111 11 1111111111 11·
modo, ohe vongo 111111 11111111111111111111111. 11 modo 1 questos 111111
1111111111111111111 11 11111 111111 111 11111111 11111 111111 (1111111111
111 111111111111, 111111111111111 11111111), 111111 1111 1111111111, 111111
111 1111 111111111111, 1111111111111111, 111 11111 111 punto 1111111111-

111111 111111111 11111 1111111. 11 ptimo dt 1111, 1111111111111111111111 111111 .

11111111111 111 111111111, 1111 11 1111111111111111111111 11111111 11111-
’ 11 111111 11 tono, questi 11 quarto, 1 1111 1111111 11 mano 1111111111 111111·
1111111111111 11 111111111 11111111 111’ 1111111, 11111111111111111111 11111
1111111111 11111. 011111 111111111111 1111 1111111111 1111111111 1111111, 11,
io 1111111111 1111111 111 1111 11111 11111111 1 1111111111, 1111111111111111111
111111 11111111111. cto 1111111111, 11111 111 1111111111 1111111111 111, 11 111-
-111111111111 intraprendere 1111111 111111 111 11111111111111 1111111111
1111 11111 111111111, 1 1111 111 11111111 11111 1111111 1111111 11111111 111-
111111 11 1111111111 111111111111 1 v. 11, 111 11 111111111 11 11 111111111 11-
11111111 1111 111111 111111 11111111111111111111111111 111111 11111 1111111.
(11111111111111111 11111111111111111111111111111111111 1111111111 111·

 

