A 11111 111 U. 1111. Α. 1111011111Ιί An 1111. m· A. mcum. 1 39

29113313-831133333313333 3333311111 333 13313113 313-
1333 33 jalo y 3133333 113133.

3 3311313 - Se 113 que 13 13313113 33 331311313 33 33113-
33313313 3 33 331111, 33333 331133 3333311333 1 3331133 313
1331331 313333 33313 3131333. Ι

12 Febrero—En 13 13333113 33 Β31133ο, 33113331 111333

033313, se 1133 3333331311333 3131133 33313133 3133333 33-
13133. ’

meinero-En 13 331313 313133 13333113, 3331333 1333-
313 113333 33 1133 3333311333 mas de 1333. 3313133, 317
33 3113 3313 313113 13313113 1333 331133333313 1311311333 333
13333, 13333131333113133 33 131133 3313133, 3 33333133 3 se
1333333331313113 31331333 33131333 333 1331111313 33 31333 333
31 333333 corvedo que 13113133 33 3311313 3311313, 331333-
13133 33 13 pansa 3313333133131133

1111813 · Ml SINOERVSIS lE ΛΜΗ · ovl cvsmnu ·011111 VENVS

26 11331313- Se 3333333313113 3331131133, 333 33113331
3 1131333 33133 30 331. 13133, 3 133 333131133 31313333 33 33
13161333ηὼ-86 han 3333331311333 31 33113331 3133333 33-
133133 3 bovada, 3 33 333 3131333 33 1333 33133 representa·
3335 3131313333 11331333 3113 33 3313331313, 113133, 3
ΗΘῗ103131113-83 ha 313331333 3 3333313111 33 31113 3 33-
1111118 8Β 'Mam — Se 133 33333313113 333 33133313 333 133 mu-
’131133 31313333 113 jalo, 3 31 pavimento 33 333333333 1113333;
333 31313131331333313 333 3313313 33 Medusa 3 31113333 1131-
33 'a 13 3313313, 3 3333133133 3 133 313133, 3 31331133 33333-
3333133 33 313133 33 133131, 33 31333, 3 33 hidrio.

2 311111 - 83 han deseubierto 33331133 31313133, 333 que
representa 333 3313 33 33131133, 33 11313, 3 33 33113 33
11111111131111111113111111111111 11131νᾶ
1331133 33 331333 33313Υ11 se 33 goncontrado’ 33311133 31 [iay
11133313 33 13 33133313, 3 31 3311333133 1333113333 33313 3
1313 31333331 contorum 3 33 333333 33 13311113 33 7 33. 33
quadro 333 33133 131133 M · 8111111183, 3 diversos 3333133
33 3131133113, 331313, 3113133 3311333.

9 Abra -En el mismo 1333133133 3333113333 333 3311313
33 1333333333 33313, 1313333, rojo, jalo, 3 3131; 3 33 31 3113

 

