116111 11161 ιι. 161111. 161111 11. rra. ι. 11666111. 93

ll 111611- Se ha 6666611666 6 116666 666 166616666 166-
161 616 61 assa 66 2 66. 61166 3 66, 66 diametro , aurelios
gozncs, 6616666661, 6611611616,666 6166111116, 666 661111166
6 3 pcdacilos 1666 66 616161 ; 666 6661666 1666116666 616-
161; 16661166 1166666166 66 666 6616611116 66 616161 666 8 66
66611166 66 6661616166 6 1666616 66 2 66616661166; 666 16-
cerna 66 116116 66 1 66. 66 6166161166 2 66. 6116; 66616-
611166616 66 vidrio; un pcdazo 66 661161 66 616166 66 1 661.
6 2 66. largo 6 5 66. 66 616616116; 66 666616 66 166166 66
666. 666616, 666 666 figura 66 muger bostida.Y 66 1166 66-
scuhierlo 3 61616166, la una 661 pal. 6 566. por l pal,
666 66611666 666 61666616 666 16 11666 61116116 6116661661.
66 666616 66611666 66 mascaron 6666161116111616, 6116666
66116666 6166116 (16 5 661. 66611666 66 caballo marino, 666
116116 66616116 una sirena 666 66 6666 66 velo sobre lo espal-

da izquierda , 6 66 16 66166116 11666 16 1111116 (161 caballo , 6
666 delfines.

Amas 6666666 66666ιί16 61 1666116 66 16 semona proxi-
611111111116116111116666111
angulo 66 molal 11166 1166666666 66 1 66. 6116 , 666 3 66.
66 166116 6 6666 66116 66 616616 gozno 66 166161, 666 6116
6661161116 16166166 66 166161, 666 forma corno dos cuerncci·
166; 6 una 1666166 degrada.

21 Alm'l- Sc ha conlinuado el travajo 66 la maceria 66
11666616 661166 666 61116 6166166666 1661, 66 66666 661166
6666661666 7 picturas: la l. 66 un 661. 6112 66 666616 con·
tiene 666 6611666 66 66611116 blojo 1666 curiosa, 611666 66
lauro 66 16 66661666 266 1 6616 2 66661 2 661616666-
11666666 666616 666 66616116, 66666 6616666666, 666 66166
6111616666, 666 1661166,6616116 6666666, 6116 6666666 66-
bre 66 666661161, 666 661616 66 16616, 6116 666 haslon al
666116 66 6616 6666611661, 6116 6666666 sobre 666 16116666
1166166 6 16 16666 116616166, 61 6116 6611 1166166 6 16 16666
66166116, 66166 666 66666; 161661 6616166. 666616 666-
11666 166 6611616 66 11616616 bicjo; la 5.dc l pal. y 3 66.
por 2 pal. 6 9 66. 66611666 66 6666611116 6 2 66111666; 16 6.
66 9 66. 666616 66611666 666 6611616 66 mascaron 666 666

laja ligada 6166611666; 16 lde 9 66. 666616 66611666 66116- “

66 66 66161116 blojo 6661611666 61116116 6 61661166 11666666
116166 6 16 6611616.
11666666 66 6661116 16 66116 1166 116666 3 lucernas de grc-

 

