131331331313313331331131313313313333133311. 19
33. 3 ²1⁵· E 131113 ad 33 1333133 3313113 3 333 becco 311333.

7 ⁴12, diametro nel ventre on. 5 333113 bocca 33. 3. Una 313- ,

1313333 3111 331333113, 333 313113, 3333, 31333111 313331133-
31 che 311 333311333333, 133113 33113333313131131333133 31
311131311313113 33111 3313113. Un 331113313333331311 33313
313111133113131 313331311 13113 133313311333313 che non
3313313313, 311 3 33 33113313 quadrupede legato dalla 133-
313311311333113 33133 quelle di un 33313131131133 331333-
331133331311333313113. N. 7 3133313 33113. Una 3133313 13-
333113 3 313113. 1133 331131313 333 1313 1333113113. Ν. 1 3331-
13111 33311 3331 313313. N. 61113131 33313111. Ε13333333ὲ
1111 11 1331313111 13113 3333 3 3111311. Due tondi come spec-
31111111313311333. 5111. Ρ13113. Una 3133313 313113, 3113 33. ·
1111313133 33113 3313333 33. 111, 33133. 1. Una 13313 alta
on. 8131131313313, 3 13113 3333313313 3 31331313 31313 131
13333. 111 31113 3331313113313333 313113. 13113. Una 331313
3313311313333, 31 333 3333111111 3313111 3 11311331.111313.1133
1333133 31 33 1331133113, 31 33 1333 33313 331· incensare.

18-31 Decembre—Si 3 3331133313 3 13131 13113 senza alcun
3313313313.

1784

8 Genuam-5 1131111313- Si 1 13131313 1313313 131133313
13311311 33113113333 1311’31)11311333 333333313 133113 13 311-
11, senza 11313133313.

12 1131111313 -- 133311 3333313 33331 13 313133113 13113111-
1331333, 3113 13313 13 33331113 1313311 13 33113 principale del
1313313 113113, 33313313313 13113 3311311 13113 3111311333
3313133 3113 33313313131331311033111313 131 1113133331333-
13. 033313 13 31131131311311313113 13113 3331313 13113 3133-
11 313333. 11333313 13113 3331113113 11 311313 33333313 11
1311 13133, 3111331 33333111 13113 11131313 33313 33311333, 11-
1333313 que' terreni 31 333 333133 ele mura allo stato di
rifabbrioar1e: 333133113313 1311131133131 11131313 333 13- Α
1313 111331313 1113333 13113 13133 pezzi, 13333331. 2111,
331 331. 1 113 333 13 33333313 1331111333

Μ · FAECIV S 111 ·FAEC1VS
SVAVIS PRIMOGENES
3311311131· DE · SVO

 

