3333 xx 3. 333. Α. 333333 33 x 3. 33. A· 333333. 125· ’

3333133 13 3133 (13 133. 333233. 3333333313 3333 133333 3313-
13113333333133, yson emeras: estas formas eran de aquellas
33 (333 1333131133 33131 3 1313333333 33131333, 3 33 31 33333
creo que no 1333333 31333. 131333 333331333313 333 (13 133,
3133113 5 33. 3 ’12, 31336 33., 3133 833, 313 3133 (13 9 33.(13
diametro 3 3313333 3333113 (13 11 33. 3113 3 7 33. (13 (11333-
133 3 1313333, 331333 3133113 (133 3333133 31 333 333 2 33333 (13
3 33. 3 ’12 3113,3 3 33. (13 (11333133 313 1333331 3133 333 333
3333 (13 1 33. 31133 2 33. 332113 (11333133 313 13333; 31333
1333 3331133, 31 333 3 (133 33333 (133 33. 3’12 3113 33 33. (13
(11333133 3 13 33333 31 33. 3 ’12 313 13333 3133333333 3333,
33133 3313, (13 5 on. alto 3 3 33. (13 (11333133 313 13333; 3133
3 3333333 (13 133. 31133 3 33. (13 (11333133 3 13 33333, 31
33. 3 13 boca; dos 3331133 ὸ 3333313133 333 13 13333 13331113 3
133 assas rotas, 31333 (13 3 33. 3113 31 33. 3’12 (13 (11333133
313 hoca, 3 313133 (13 2 33. 3 ’123113 3 1 33. 3’12 (13 (113-
33133 3 13 hoca. Ocho 3333133 3333333, 333 3 333 3333 (13
633. 3113 3 133. 3’12 (13 (11333133 3 13 33333 3 2 33. 3 13
13333ς 3133 3 333 3333 (137 33. 3113 3 6 33. (13 diametro 313
33333 31 33. 3 ’12 3 1313333; 3133 333333313; 31333 333 33-
sa (13 9 on. alto 38 33. (13 (11333133 3 13 33333 3233. 3 ’12
31313333 3133 33333333 3133 3333 33333313 (13 1033. 3

’12 3113 3933. (13 (11333133 3 13 333333 3 33. 31313333; 3133

33333333 3 31 3133 333 33 assa de 1 33. 3113 yde 11 33.
(13 diametro 3 13 33333 3 333. 3 ’12 3 13 hoca, todos 3313333.
1133 1333313333, 31 333 3 (133 assas (13 1 331. 3 1 33. 3113 3
7 33. (13 (11333133 3 13 hoca, 3 31 3133 3 (133 33333 (13 1 331.
3113 3 1 33. (13 diametro 3 13 hoca, algo 3313 3 13 13333 3 31
33 .

1761

10 113333 - Se ba continuando 13 3333333133 33 13 3333-
313 (13 13333 33333 31 13333 3 (133(13 33 33333133 13 3313133
(1313111333, 3 33 133 (1333333313 33 31 31333 (13113333 (131 ⁹
333111, (333 3333333313 3 13 31333 perspectiva de 13 Diana, ·
3331333113 (13 333331 blanco 333 33331333 3133133 (131313-
33 333331, 3 31 31333 (13 dicha ruente 33 (13 13311133 (131
3133333333 , 3 33 31 medio hay 33 133331 (13 33131 (13313
3313333 31 agua, 3 13133313 3333331139 pal. 3 larga 10 331.
3323 11 33. (13 fundato. ,111133 133 (1333331313 13313133 33
3331331331 (13 fabrica guarnecido 33 133 quatro caras (13 333-

 

