131 1311311111111 131133111111 31113311

13 131113- En 13 31333113 1311333 33 13 3333311313 de
313131 33 13331 33 3311311313, 3331313, 2 331113313113 pe·
1133113 3133313133 1131313 13 33313131331313313131, 1111113-
133313 33113131313311113313 33 2 11313333, 1133 1131333, 33
3131313113 pedam, dos 1131133133 11111333 1113133133 poco

1313113, 33 1131333113, 33333133111311331 333 13 133 311-
tremos tiene 3333111113133 poco 13 13113, 1113 3113 113113
2331111133. 11311313 333 13131133 que 1313113 31313313, 333
3313313 , 33 113331 1 333 333 , 1 33 133312333311333333
331313, 13 1111113 333 3113313, 1133 1311311133. ’

20131113-83 1133 333331131313 111313113313333133,1 333
333133 131133 AVG. cinco 5313331133 , 333 33113131113 111-
113313, 33 331113, 3331331133 1111133313 33 33113. 113 313113,
12 3133113133. 113 3113113 1133113313, 13 vidrio una 333313 ·
13 33131 3131, 1 13113133331131133, 1133133, 11133333. 113
31313 333 133113, 1 333 3133131 333333.

21131113- Se ha 3333311313 13 133131 33 13133313 333
33 333 1313, 3333133113 por los 111333313 133 13313133 1133113
1331113313313 3 33. 13 113133113, 3113 13331113 3331313313,
que 113131313111313, 13131133 113313 hem-pientes, 333 3311313
333 33331313 3331313133 1 33 33111113, 3311113313, 331333-
3313 33133131311313133 1313, 1133 3333 3311313133, 7 pe-
1331133 11111333 3313333 3331133 1 33 133133311313 13113. 113
hidrio 33 3333133 13 33131 113113; 13 31313 2 3133133 33133-
331333333,1133133311313333,1 3333333313313113311311333

XLIX

,11111108
11111

1133 131313 (13 33333, 133 11313333 13 1131331313 31313131
1113333, 373313 3 pal. por 1 pal. 1533, 311313 1 pal. por
1 311 33. ·

Ρ1111113-53 113 3333311313 333 313331313133131 333 33113-
3313331113131311 331313 133133 131133 ΙΜΡΕΒΑΤΟΒἙΑΕ-
SAR·AVGVST·CLAVD1VS; yde 133113 113113 muger 13333-
13 3331133133 1 1313333 1313313133133 131133; S· c-L1-

11 13113-113331333313 13313131, 333 13 13313131 1113333
33133131333313311311133.1131211311133333113,
113 33133313 13 1113113131333113 3333331313 1 333 113113,
1 1131321131. 1 133. 311317 33. 13 113313113; 3113131331-
mol negro sana 133331313311313 2 pal. 111113 diametro, 1

 

