119 amm

0001 000 011010 10000011 0001100 1111000. 0000,000011111110, 111010
000. 6. 1101111010 17117.

N. 89. 1111011, 000110, 01110001001100011110110 0 11011. 11010 00-
511101οοὶ0, 000110, 01110, 100 1000001 111001ος 000110, 00100-
00011 000011, 110 00101 0 10110, 0111100001001010110100010 01101011
11111111111111111*’1111’11“.111.11“11.0111”.”11

, 0 , Ι Ζ
11 0101101111 1100011110. 11111111 11 0011301000. 111ιο00 1100111 1711.

11. 91). 9111010, [1001110001 01011100. 11101 01101. 1111001 1, 11
10010, 011110, 10110,οω 1110101111 00010100 11011 011111, 0 due 1110010
1111011 che pendon03 11001000 00101100 110011, 1110010, 011110, 0100
0110, 000 0011000011 0 01000, 1101001110 10111000 0111101 110 00100-
00, 10001000110010100,111010, 1100110110011 10111 1010100. 11011
1110, 11000110 010010110110, 1111001011 0 000110 1111 10001, 11111. 110-
11110, 0100010 mmmmm 0000011110.. 1110000 1711. pitture,
ffisde, affine? Ιοιιίἑι 10111 0 011000 10311081110111011011 0001101000

0 01 0 100. ιο 01 010.

N. 91. 11111010, g οη0100 100 zguncche. 11000000100010001010, 0
1101000 11001010 00 100111, 010 01 011110011100011.

11. 11Ρ111111111011101 17 101 per 11. Deo 00111 10000 11 1110010
“ di 001 101, 000 10010 1101110, paesi, lanterna, 010110, 00001, sigillo 000
1011010,11110100000000 1111010, 01110 11 10110100111010, libro 000
lettere. 111001, 0100111 niaque 100101, 0 010110100000, 011110 000011
11001, 000010 0101100111 10110, figure due, paese. 1001101115.

Ρ1000 0000000110 01011. 11011110110000 granato, roba, 00101-
011, 0011, 01110101, 0111010010 morto, 0110110, 0010 00, 010, 1100;
111011 1101111 110, 000 1000101110. 011000111001101. Papam, 101-
1011011011, 10110, cupido 000 0010110100 10 mano, cupido, uomo 000

10110111101000111000 110 ’011 0 00000 0011111, 111001, 1010,

. 0111101010 0001111001111, 00111 due 0101110. Figura 10011 10110110

0011 1110011 100110, 010110, 100010, 0 110110 1011110011 110 000111, 100
nomini, donna 000 011110, 000110 000 01001 dn 0000110 10111011 aui·
. 01110, 00100 (1100110. 1101101οι10ςί0 1755.

11111000 000 1011000 Am} ⁶ 91111811. 101100 di 01011. Memno,

0110οῗ0 000 1001101110, 1000011011 000. 10013, 01101011 100, 11-

001100 1011 1001111011· 0000, 0 11110 00110 ,000 10000111 pum· Ferro,
00110110111011000111010, 011110. 110ιο10, peni cinque. 1001101 di
10110.

11. 11. (101010. .

11. 91. Tru 11011 1101010, fame 000100 10111, 001000010000, bian-
010, ἷιΙΙο, 0100011011 011011, 0 101 010011100010001010100 11111000,
1111.111οΪ“1”11ξέ111111111111111111111111111ῗί
100110, 100 00101000000100001110111, 100 101101, 100 cavalli-griffi
0001111 0010100, 1110 0101011011 000 01110 01 aquile. 10111. 11011101-
nin, 0100101000, 0 00110111. hagno 1755.

Ν. 91. 1111011, 01001011, 00111 010000110010110 10111, 11 0000-
111110, fiori, 010110 100, figura. 001001001017151110011 1010010-
111100010001100111, 0 00011 0001001011. 100110 1711. 1100110111

0100110. 1100010 11111.

 

