82 33333333331 3331333333( 31333333

zo de lucerna 31313313 13 ,33313 133 husos 13 3133113; 133
333313313 311313; 33 33133111313311313 uzuh un 33331313
33313 13 1 33. 13 diametro 3 13 hoca ; 19 3313333 13 333
33131333 13113333 33333133 laborada 333 1333333 3113333;
33 33133313 33333331 jalo 331133313 10 33. 3 ¹12 333 133.
3112 ; 333 331113 13 333131 13133313 ; 133 13331333313313 vi-
1313; 33 331333 13 33333131 blanco de 1 331. 3333. 333 1
331.3133.,33311333 333 1333333333313131333;33 333313
33313 33313333333131 3313 933. 3113333331313113-
metro 3 1311333, 33333133131333;

C· COKPATOY
N· P· S·

Una 3333313 13 113333 3133 3333313 6333113 3 9 33. 311,
, (13 113333133; 31333333313 13 131. 3113, 3833. 311213113-
(33133; 3133 3333313 13 11 33. 311, 3113, 3 8 3313113313133,
1313313 113333; 33 1333113133 13 33313ς 133313333313333-
1313 13 33. 3113 31133 333 33 3333 3313 333; 3133 vaso 13
33313 333 133 33333 13 8 33. 31], 3113, 333. 13 113313133ς
333 33333 13 33313 3333 ussa de 833. 3113, 3133. 13
diametro 3 13 hoca. Y seha descubierto 33 333113 deuna
333313 333 3311333 13 (33333333 1333331313 1313333 3 33333,
(131 331. 3 533. 33313313333.

27 0313133-31113261333 133313133 3313313313133131
13 331313 13 333313, 3 333 3133113313 33333, 3 (133 lacrimo·

· 31313 hidrio.

1 Ν331331333-31113 38 han 133313 13 3311333 13 3333333-
coque 1333331313 31 joben 13 (133331, 13 1 3313 3 333331
3313 3 33., como 13313133 113 3331313 133 3 31313333 que 33
113 33313 13 3313333 proxima 333313 , 33133 13 133133 que
33 havian dado parte 3313313333313, 13 333131 331. 3333.
333 8 33., 313313 1 331. 3112 333 6 33.; 3133131 331. 333
633, 3133133131 331. 3133. 3331333113.

11 Ν331333133 - se 133 313313313 31333333313, 3 31 113
111 33133333, que 33 havian 13333313313331313333, 333 131
331. 3 2 33. 3112 333 3 33. 33311333 un 33113 333313313 3
un 333131313 133133; 3133131 331. 3 333. 333 3 33. 333-
11333 333 133333 31 (3333 un hombre (1333313 como se 33133
131 agua, 33133 figura bestida 3331313 sobre un 3333113;
3133131 331. 3 333. 333 1 331. 33311333133 13111333 333
3113 3313331, 333 31 333333 3 3313333 13 333313313, 33ν

1333133 jarras oolgadas poco 1133333, 13 que 33 33131 3

 

