444444 4 44 xxrn 1. ncr- 4. mecm. ter

66, 6 6464446 piceinlclnvnrc, 66446 64646 64 nnn. di 64 6 tc
ennete.

9 0446446- Nulla di 66646 6 6666466 46 (466646 66646 664
tre ultimi giomi 46446 666466 6644446666. Solo 446666 dicte, 666
44644446666446 66 466644 4444444646ιί 46 (4666464646 6646. 66 6446-
464 6 46 66446446.

46 0446646 -·· Da gicvedl 6 46446 4644 64 6 6664466646, 666 -
446 partite di 66446446 64 nomini 66444646646644, 44 44646446
4644 4466466446 66446 666 perte 4646466, 664466 66644446 46-
666446646 de' sedili. Le 6444646 46 646666 646 64 46 646466
perti 46666 666 666 44 64 4466 46464646, 666666 delle pessime
eealnzicni. Gli operui che 446666 46464646 6 4646 64444446 ncnc
64644 nl 6646. (44 49 6 4666446446.

26 onom - Ne’ tre primi gicrni 46446 466664664646 666
4446666 64 6 46464646, 66646466 64 664446, 6446466646 444644466-
44646446 parte di (466446 666 446 44644446 46446464 6 42 664-
46446, 66646 46 44664 4464 nnio antecedente 4644446446. 444 66 6446
46446 6664446, 666 46 66464466 64646 44646 pin 6646, 666 4464446
6444 6446464 666 666 4 66446446 46464666 6446 Basilice, tessere
4666644 64 44646446 4644 4466466446 4464 6666464646 4646666446
66 44 (46446 64444446. Seno 44646 444646646646646 64 66446446,
666 64446 6446 446 partite 6446 46 66 manifestato, composta cn·
46666 46 4 66446446 6 gli 6664464 6664646646644, non 446666·
66 64644666 (lippit, perche 446 (44 4646 4644666646 6446464,
666 646646 46 6664646 6446446 4464 4646 46 4646 4644646 ec.
Questo 6 44 6464446 per 644 666 6 44666646 44446 4644646 64 detto
6446446, 664646 6446 6446 666 4466 4466664664466. 4446644 pne·
666 questo 66646 44 sig. 44466446 446664 4464 46464 46 4446646
della 64446, 6666646 6446466 66 64646 446 4446466646 ccn 666
46 datr degli 4 4 46446 646646.

23 Ottotrane¹ tre passati giomi 46446 666466 6644446666
64 6 46464646 conforme 64 664446 644Ἀ6646644ο; 64 6 6446464
6664666644646144644446666446, 6416 Basilica, 66646 666646
6666466 664446. Le 44646666 666 hanno trtigntn 6 4644 464644
6666 64646 rt 6 42 66446446.

24 Ottobrc-L’imprennarin ne' ’644 446 giomi di 4466446
6644464666 66 fatto 46464646 666 4 6446464 (4 te 66446446 64-
44466466446 64 6446 Basilice, 66446 6664646446 6446 46 dissi 664
tineent? tttntrn‘nttttrn tttttttz
elevare 46 6646 certa di Pompei; 64 oggi per tare annectere

44 4446 4446666444, 666646 patin, 64 6 44644646 46 Nepoti.

 

