128 333331131313 1333131313 31313311

133 extremos, dos 3333331133, 33 31333, 3 333313333113333-
33 33 3331131313 3113 3 pal. 3 9 33., 333 113333 3313 331131
13 1333 3 133 ovejas 6 33. 13133. 113 3111113 333 1333 113 33131
333113 3331 3 2 333332 33. 3133113,3133113111313311333-
jereada 3 3333 graciosa, que 33133331333313333313 33 313331
mosao, otras 31333 1331133, 31333 313111133, 1333 33133133 3 333
333 313313 3333 31133133, quien con 3133 3 quien 333 13 3313,

1333 acrimonias, quatro 3333133 3333133333. 1133 3331133 3 1133
3331, 3 173313333 blancos 333333 3 333133. 113 marmol 33
13313133113 rojo 3311333 3113 933. 3333333633. representa
como 33 Β333 333 caballos 3 333313333 3 1333333 sobre 31 33-
33331133 girlanda de 333113331333333113 331133 3 13 cabaza
1333331133 313333333113113. 0133 133311333 cabaza 113 mar-
3131313333 3113 833. 3 333333 5 on., 331333 333 3333313 ὸ
11333333 3311333 11313333 13 cabaza. 113 3131131133 31331133
333 31133 assas, dos 3333113133, (1333331133, 33 31311113, 1133
1333331333331133 1333333, 3133 133333133 3311133133 3 (133
1333333 333 33 aujero 3 13 33333 3313 33333 31 agua, 33 jarro
3 dos 33333, 33 1133333 333 3333, 33 33331, (133331333333, 3
333 1333333 333 33133 131333 MCC0. 113 33313333 3313131111,
33133133 3133 3 33 31 medio, de muger, 1333313113 3 33 31-
331, 333 muchacho al brazo 11333333, que pone 1331333 al
pacho.

7 Febrcro -· Se ba 33333113 da 113333331313331333331133-
de la samana 3333113 33 33333113 31 caraman, 3 se 333 de-
333313313 133 33333 3133133133. 113 133131 333 31113113, 33 313-
33, 33 33111113 3331333133 pedacillos de eadenilla 11331133 3
3113, 333 33133333 monada 333 333333 (13 3133333331 3 33
13113, 3113 la 3133 33313 1133113313 13311113 que 3333 se 3333
33, 33 133113 de 313133, 3333 3313313 de bidrio. De greda
33 vaso 333 1133 131333 rojas CCO‚ 333 333311333, 33 pequa-
33 1331133 33 33 3313333113 3 (1333333133113 3313313 3111 irne-
111313 113 arriva. ’

ll 1331313-11313 dicha 3313313 se ha enconlrado como
31333. [13333113 333 1333333 13133 533. 3 33333 3 33., 3
333 cabaza de 3333 33333333 1333331333 3 13 113313, 3 31
mango separad0‚ 3331333 roja 1133, 333 13333313 3 333 assa,
333333313333.113 313313 33 abrevadero 18 33. 13333 3 9
33.(133333, 3 7 on. 3113, 333 cajila consu 3133333, 3 33133-
13 333 13.

21 Febrero-Se 3313113133113311331333 31333 dc 13 13333113
33 (133113 se 33333113 13111333, 333 33 3333333113 3 descubrir

 

