74 mmmmm 33330333333 3330331

Amas 01113 12 30 133 0300313310 3330333313 10 110333
10 1 031. 011210 diametro, 01 33. 01113113 ; 2 3131033310
110033 003 33 3333 0313333, 010 7 on. 31133 ; 33 0131010
1103331011 03. 10 diametro ; 103 3330310 110303 003133
33333 0313330, 001 330 31101 031. , 0703. 10 1133301301
131003001013010703. 3110, 503011110113310130113
113330 03 331031333313110333; 2133113310111313 de 3 33.
011110 diametro ; muchos 001330313 hilo de 00330 10 333
13313333 3330313 3013 10 330131, 0 333103 33333300333133 13-
11033133ς 33 0131111010 330131 1310331010103. 011113 113·
3101300 0 333 0113 10 310131οο3 33 3333 1000330101 0310
1 03. 01113113, 0903. 13113330130; 3003 0013303101031-
03 0131313, 33010 9 03. (033130, (030 33311030 33 3330 303
33 030010 ornamento, otro de 8 33. 03 (033130 00311030 33
mascaron, 333 mesa, 0333133303, 3133101 031. 003 603.
30311330 33 1133103 0 33 000010 03313110, 313033 10111031. ·
01333 003 13330310 1103330313 333, 00130 001330 13103133
03 31300 031301103 00030103, (033 03033313 3331033310 mu·
ger 003 33 03310 sobre 13 0303113 izquierda, 0 03 dicha 333·
, 30 33 1033103, 0 01 113333 1030313103031313310, 003 13 333-

3011030 333 0311033; 0 333 0033 10 01033010 13 301. 0111.

20 11303-93 ha 0300313310 31113 19333 lucerna 10 333-
13113103133330303. 0110333113 0301310113, 0203.
3113 333 33 assa 30033313, bien trabajada 003333 33103313
030333 11303313; 333 11313333 033 333 103 013111133 300333-
103, 00113310303101 031. 0 2 33. larg0; 333 0133133 grue-
sa 10 8 03. 011113 diametro 303 33 331300 03 31011333 00-
333010 laborario 003 3131031103 como 0013103 algo roto, 0 13
8 33. 0101 10 113330130, 0 1 33. 3113 003 33 (333333 33 00
11330110 como 13 01000131033 10 503. 0111 10 diametro, 1811
331030 31330110; 33 333010333333311010 3 03. 10 diametro,
0 2 03. 011, 3110 ; un (03313013 13330333130331313310, (030
03300010 01313130131 blanco 138 03. 31130 5 33. ancho, ·
(030 03 33 0033 3310313, 011033 33 331110 31333 0333 103303-
10, 011333 33 33 030010 133 133130333133 3313 330 033 333
103 3331001133ἀο 3 03. 10 diametro 0313 333, 101 mismo
(33131 blanco ὸ 01313313; 01303 103 133133333103 (030 333 133
3331001133 3313 330, 13 333 1031301013 0133, 0 13 333003 33
10 3 33., 013 0303313 10 133130 032 03. 011113 diametro,
0 13331133 0333333 101 mismo 330131 1113300; 103 033333 102

03. 1311333130 0313 333, 0 033 33 33330313 330; 3330033 ,

ὸ 010133 10 0103133 103 3311133 333 cabaza 10 013103 110313

 

