260 3331333331111111131111111131313311

so 33311313 333 113333 313313 3311331313, 3113 33. 7. [133 ’
33131133 quadrato 3113 33. 3. 0333. 1133313 33333 qnasi 333-
1311311331131313. 1131133333 di 3133111313 133113 313311.

’21 8311311113-81333313113 13311313 13 Canace 13 3111313
13113 313333 abitazione 1331113 Porta 13113 31113, 333333313
33113333113 131 1 13133113313 31333, 3113 sono 13 33333311.
1. Di 331. 1 31 on. 5113331 33. 11 333 3333113, 3113113 133-
113 33 13133333 31333 331333, 3113133 11 1331333 133 331-
11. 1. Di simile dimensione, 33311313 3333113333 3331113
31 33 33333, 11131313133 31111 31311. 311133. 9 in quadro
con 33313313. 1. 111331. 1 3133. 613 333113 333 333 ve-
131311 331333333 333 qualche 3333. 5. 113113 313333 113133-
sione, 113 33 33333113 3 133 manichi con 133113 131131131-
13; 11133311111313333 pezzi hanno 11 campo 1333311. 37131-
3113 331. 1 3133. 9, 313113331. 1 3133. 11 13 313113133 11
sono 13’ pasci. 8. Longa pal. 1 3133. 10311333. 11 , 133

1333313 13113 113113, 3 11 3 qualche cosa sospesa coma una
iona bianoa‚ 33113 quale 33131131333 3333313 13113 1311313.
9. 3 10. [11331133311311333. 6, 3331131333 133 fregi 313-
33333 333 1 31111, 313113 1113 3113 11 11313333333; 11 331333 3
. celeste. 11. Longa 3311 31 33.1 ¹12 alta⁸on. 9 ¹12, vi 1331333
33313331 133 3333113111.

28 3311313113- Cavandosi 33113 331113 3311331333 13311 13
1 Porta della 31113, 11313131133 31 sono 1131311 133 3333111
333131111131313113, 31333333 33113 31 33 3333333311313
13113 stesso metallo di 331. 1 ¹1„ essendo 133331133313113
pal. ²¹!a· 11133111 133 cardini con 131313 3133113 11 1113333.

5 01131113-(1331133331331111311333313, si 3333 31333313
133 313333. si 33313 33313113 333 311131313333331. 1 3133.
10 3113 3311, 313 33331333 11 33133, 3313333111, 3313 33.,
31331313 13311313131 313133111 (lauant. Si sono 13311311 11
pezzi di musaico 1113333333 11313 nasedai pavimenti di al-
3333313333 313 33333113 prima.

1201131113-81 3 3331133313 13 33313 3311313113 3311331333
1331113113 31113, 131331331 131 13113331333313 313333 13113,
periodi potensi 131131311333113 313333 3113 sono 3333113.

26 0113113 - sio continuato 13 33313 33113 3131331313 abi-
1331333, 3 31 3 33333113 33331333313131313 31 33 3311311113 ,
33313 interamenta 1131313, 133 11 3311113 33313 3 313113 33-
1113. 1113333133 131 3311313313 3 1113333 333 fascia 3313 31113-
, 13133, 3331133333 3313113331313131313 di varj 1113333113
13 33 3113313, 11 13113 333 mosaici 3311. 13 1313 313333 31 3

 

