1 616 6111 1666111611161. 6. nucum. 61

1666, 6 66 6116 666 166 61661666 66166 6666661166) 9 66. 6 1 ·

pal. 6 266. (16 1116616166 666 6611661666 1161116161 116 666.
6’11(161116166166; 66 1666116 166161 6616 66 16661166 66116666
(1613 66. 611, 6116, 6166. 6 ¹12 (16 1116166166, 666 66 6666
6661666116 66661161161661616616116 311 66. 6116, 6 8 66. 116
1116166166 (166 6666661166116166161, 6 6116 66666116 6666666,
6 2 66666116 166161 66666 goznecito 6666 666. 1166 116 de-
6661116616 116 6611616616116 16661661 6616616166 66 angulos,
6616666166116 61616666, (1611666116, 66661666, 6 616666 16-
16666161666116666 616666616666 pavimento 66116 8 6616
2661661666 (16 1 6616661166 1116111166 66 116 (1666661666 666
6611666116 66666666 1611666116 1116666 6 66666116 3 pal. por
1 pal. y 9 66.; 6 6666666666116611666611616 6661616116 616-
6666661611666116 6166 6611116116 blanco 6 66666, 6 66116 (16-
16661616 116616 6666 mas de 10 661, 6 66 6661161 pal. 6 8
mil ffl’rfflg 1116666166116116 366116 66 1666116166 6 (166
66666116 611666 21 66.6 (16 diametro 61611666 6 66666 66166
161666ε 1111111118; 6166 6661616616 (16 11 66. (166116, 6 616
11666 6 66.; (16616666 666 1166166 61661166 6 61166 61166 9 66.
6616166166 6 1611666 6 66. ; 6166 6166116 1161 66. 6 ¹12 6 5 66.
116 1116616166 666 6666 1611666116; 666 1666 1616111116 (16 666116
poro 1166 666 1166666616 116 6666661666 curiosa 1611666116 666
116666 6 6616666116111661616611666116 6116661 666 ’161 (166
16116666666 6661161166 66.;(166 16666116 2 66611666 5666 ¹12

de 1116166166; 6166116266. 6112 6116, 6 1 666111161116666 ,

166; 666 66111666 6116 9, larga 16 yffi, 66611612 ouras:
16116 6616 (16 666116. 116 vidrio 116661666166, 12 corales , 6
61666 6611661166 116 pasta 116 vidri0; 6 666 66611166 6161166616
666 66 pone 61 11616666 666 (16 61 6666 666 6661666166116
6116116 (16 66666 66 6611666 sobre 616661 661616616661616-
66666 1666666116 366116 116 1666112 por 3 66.,666 66666666
161 66 116116 animal quadrupede 666 6166 66666 como 666666
culm 6116666116 66666 6166666 1116666 curiosas, y 1166661111
16 (162 661, y 6166 66666116, 6 666 66666161 1166 6116116 me·
161666 es 1666116666 6 116 666616, 661666 6 6166 grande, 61-
1619 66. 611, 6 116 diametro 6 16 11661166. 6116, 666

medio (1661666166 un 661, 6 3 661. 6 Ι1,.1166166116116166616
mayor, 666 6666 (16 166161 1611666116 116 cerea 31116 palmo 666
16666666 2 6616666116 papamque 61166666 1661166 661666166-
1611616 6666 representa 66 medio 116616 666 661666 (16 616-
666666 116 2 66. 666666, 6 6666116116 116 muger, 6 61 1166616

 

