1313 111 13131. 1. 1133313111 13 ιιι ιι. ιιι. 1. 13331311. 55

13 31 (13113 1133111313, 3333111 311133 133111 311 53333111, ρει
131313 (11 levante di 131113 113 311 3531 3551311131, 5333311313
(115335111331 (1313 (11ἰ1 513.1111311313131333.1133113311 51
31336131 1331351133 33111. Museo la testa di 3131133, che re·
51313 331 11333333 (13113 11311333 33311333 3113 Porta della 311-
11, (1331313 1311313 13 33333333.

6 1113133 - Si e 3313133131) 3 1313113113 3311 3513133 del
Quartiere antico ,3313311333313 (131 1313 (11 levante, 33133-
(1313 3 53331113 31Ι 13313551 51 (131 (13113 0113111313 che (1311133
133111. si 131313 3313 331 5311313 11 33333113 331331 51 (1313
13311313 13 (13113 1133111313 Si 1 mandata pel 1111111533 333
313 (11 manno 31113333 333 533 base.

13 113133- Si 1 1133133313 11 131313, 33113 3311 andare 3
1131313 1 113 13313551 3335331111, 3 33113131313113 (13311113,
3331333111 13 aeque quando piove 333 3311133113 fuori nel
1133111313, 53333 3553111 51313 313333 331111.

26113133-133113133 13 53313 331 andare 3 53331113 1 133
3335333ιί 13313551, 53333 331111.

11 Mauo-22 133113-13311333 13 5113113 (13113 13113 31113
33113 3513133 (131 1133111313 ρει andare 3 53331113 3113313551
si (131 1331351313 che dei 133111, 53313 alcuna 331111.

28 1133313- -113311333 111331131311313113 331 13 533311-
133313 (131 113 333533311 13313551. sie 1331111313 31311153113-
313313 1111313553 31 1133111313, 355331135133513 1133333113331-
13 331131313133131 533 13313553. si sono 13313333313 3319
331.13333111333113,3113 3311153336333111311313 53333 (131
1331130133 511133331131313 331131313133 53313 11 33133
(131 (13113, 3113 333 13 3333513 (13 5333ιί151 1333135331311 335
533313 (13113 5113113111 31333313 13113 11313113113 11313 113
33113 (11 quella scena 3 13 quatuo 1333333313, 53313 331111.

5-18 1113333-ὃί 3331133313 53313 (11 13113, ρει andare
3533311131333533311 13313551 (131 133111, 53313 331111. La
133313 (131 Vesuvio essendo 13 (33131111, 311333 1313 pozzo-
1333 (11 13333, 53 33 11 13333311313 quanto 1 possibile 13333-
11333 311 depositi.

261113333-81333113331353313 331 15333ιί13 1 3335331111
13313551 (131 133111 (131 1313111 1313313, senza 331111. Si con-
11333 3 13133313 3 331113 13 333313 (131 Vesuvio, (13 53313 311
313] 33113111.

3133111-3133111313 11 133113 (11 13113 ρει 13 ’5333111333-
13 (131113313553 (131 (133113111013513 133113 31 3 51313313
3111, essendo 33333153 una 3313333 333 133133 (11313133 varj

 

