92 1661611116161111611111111 11161616
6666616 66 66166 616 6166666166616 61 16666 661 que 166116χ

66 16 66616 661 666616 66616616, 6 61 666116 666 6611666, 6
66661166 61 116616 66166 6116 vaso 6116 6 66. 6616616116 6 16

6666 3 on.‚ 6616166166 6666611666, 666 2 6616666 1166616 ¹

16616166 66166161.

28116166 -·- Seha 116666 66166666166 de greda de 16
66. 61166 1 66. 611, 6 16 6666; 6116 6 666666666661661611-
16616 6116 33 666 3 6666 diametro 616666666661666166
2166. 66 diametro, 6 566. 6116666; 66 1661166166 661666
66 porta-santa, africano, 1666 6611666, 6661116616, 6 166 qua-
616166 66 6616166166 66 10 6 11 6666 6166161166 6166666
1 66., 6 366 6 66. 66 61666116 66661166661666611616116-
var el restante (16 16666111666166 66 16616161 6 66 66666666.
Y 66 66 6666611666 un 666661616 66 66161666 11666166, 661
666166 6666661666 66 611. 6 661. 6 2 66.; 666 661116 66 1
66. 66 diametro, 6 661666 66 616161 66 6 66. 611ο; 66 1161616
1666 1616 66 661166 16 16661166166 6166166161

1665·1666616 OVF( ·)

1 1166-66 66 continuando 16 6666166166 66 16 61666116
66 11666 6616661166 que mira 616 1661166, 6 61 (116 26666 ’
1166661166 6161111666 1 661. 616 6611 6616 2 66., 666 666-
11666 666 666616 sobre un 6666611616 66 poco 66 6166116616-
16,66 que 66616 66116 661616 66 66 666666 66166166 66666
6116 666616 66 6161616 66 6 66661 1, que 66611666 666 661-
661166 6166666 6611661661( 16166166 66 66116666 666 11616
66 16661666 1161161666 61666, 66 66666116, 6666 61661116 16
66 66 166166 666 1661116 66 66611616661666 66 6666; 66 66-
1611616 de greda 666 16116666 666611616 66 66116666 666 66
Ι616116, 1166 6611666166, 66 6666666 66661666616616,6 un
1166116 66 116116 666166. Α 1666 61 (116 6 66 66611666611 66-
66666 66 66666616 66 plomo, que 661666 666 26 661; 66 6616-
166616 66 61666 66 1 661, 69 6666 61666116 6 66666 6116.
(1666166 66 666 6611666 661 6116666 66666611 1666 66116166 66
16666666666666 {ohan 116666 61 616 7 , 6 66 666 6666166666
6 1616616 6661.

61616 6 6 16 66666 66 666 116666 666 666616 661666 66
166161 666 16 6666 6616116 6 166 66661166 1166666 66 angulo
de 616161 66 616666 16666 6166 16661666 666 1166666, 66 medio
gozne 66166161, 66116 666666 666 [6161666616 dos cuerne-
citos, 6 666 lucerna 66 61666.

 

