404 rerumrerum Aurlevrmvu msromr

scubierto 33 3133 331133 33 13 33113 33 13 33113 , 33133 3133
3113333113, que por 33333 331 3113133 1313331133133 333333
331 33333113 333 3133313333133313; Ι3313 33 1131113333 113-
3333 3131333 33 33113 11313 33 3133333 1333113 3 33 113313
33 333 31313113 33 13311113 313 133133 33 113 33333133113 333
13331133133, que ha 331333 hecha primeramente de letrae 33-
1313333, 33333333 333133, 33 13 que se ha 333133 333131· ὸ
33131313131 33313 sigue:

HOLCONIVM·R0. .
PAQvlvri·v11
LA·VAAllllVAAlVM
L1·POP11VM·PRAllll
0·Dv111...

⁴ OVNVV. .. ’

· lVAD

Y esta inseripcion 33 3113 7 pal. 331 5 331311331333333.

23 3313313- Se prosigue el travajo 33113 3313 13333113
33 11333, 3 33113 33 13 33 1133133; 3 33 13 3311333 seha
33333313113 333 cameracen 1333333333 133133 3131333.

1 113133 - Se 113 313333333 3 3333311111 3333331313 333

· pavimento de 313333333, 113 1131133 13333 333133 3 11133333 3 -

1133333 33 1131313 3 11333331 3331333 33 313113 33333 331133113
que baja por 333 33331333 , 3 33 33333 haria 3113 33331313
33 madere ‚ que 33 333333 331 133 33113133 33133 33133333
13333133 33 133 333331133; 3 33 1133 3333311333 3 133311313333
grandes, 3 33333333 grandes de 31311331 33 1333 que 10 ro·
tulos 333 133 313133 33 133133311133 33 33113; 1333 3313 33
13 31333113 31333133 11333 , 33 33333133111133 se 33311333
31 1133113333 3313133 3313 3313333, 3 331333 1113331 13331.
8113133-1113 31333113 33 113333311331133333 11 313333
33 fabrica que 3133 11333333 3311133313, 33333 33 333333 33
133 3331131333 se 113 3333311333 33 3333131113 333 333 3333113-
133,3311133313 3313311113 313333 333 declibio 3313 33 3333,
que 1333 331333 3333131113,333 11311333 3331313 33 3313333133-
3333 333 33133333 33113, 33 33333 33 33333113 3333131313
que 31333313 33 333331131, 113133,1133333,113133,3 333 3133-
333 3313133133, muger, gigante, yde 1333 dare parte quando
131131113133111 , 13131333 33113 1333133. 3333133 33333333,
31 333 331113113 33 313313 bibe consu 33111313 33 33113,
3 3113 3313313 333 33 11311333 3 331313, 31313113 3 313113, 33
33333 se 33333113 33 333333 33 3313133 311331313331313133

 

