311 6666666166( 1666666661( annom

661616 666 6161 66666 16 66616 ὸ 661666, 6 11666 166 6166666
16666166, 6 66 6616 1666116 66166 166 1666666, 6 66166666-
66611666 666 6666 16 qual 6611 observando. Y un 66166616
161616 116666, 66 16 qual hay olgnnnos 1616666 666 66616 666
66 616 16 guono.

31 166616-861666 6661616 ocho 6666616661616666166666-
166 6616666 66166 1666 6666166 61616166, 16 quo hizo 61 di- ⁸
661661).116661116 Padorni, segon 16 he 6166116616 6 V. E.
oon (6166661661621 16 julio 6 16 10 161 que ooavo3 6 66
16 6666616 6666666166 66 166 11611616 16661166 66 6661161 166-
666661616 6666166116 1 661. 6 5 66. 6116, 6 30 6616666 16
66666666 666666 blanco 6 66666616 66666 66 61666. Yon 61
mismo lugan 66 ha 16666116616 666 661666161666616611
6666666116 66 6666616666 666 161611166, 66166166 qualos 6

entre 166 6666166 6611 6666616, 6661 como sehon 6666616616 ,

66 16166 66166 666666616666 61666 11666666 quartos: 66666
666166666 (16 166 muros 6 666 61 pavimento 16 116666, 66 166

observatio ignalmonte 666 66 666661616 quatro 16166, (666 ι

16666666 166 161611166 66666666166, sobre 16 1666166166 16-
6666616616616 166166 61666116166161611166, qno 666 moy
granden, 6666661 166 6666166 666 quatro 166661616611166,
«qne 66666 66 16 61166. Yon 16 mismo estanneio, enyo 6661-
mento 66 16 66666666 blanco, 66 observo nna sajo 16 (666-
1661 66 6666616666 6666166 66166616 16611616 66 166 16666-
bierto tambion nn 61616666661666666166666666166, 6 666
166 611666666 6166666 6616666 16 comissa 16 661666, 616
66666161661666666661, 616 (66616616666616666666611616 6166
cosa.

7 8611616166-86166166661116616 666 66666116 6616166 16
(6666161 blanco 3 661. 6 8 on. 6116666 66 6616166, 16 qual 6611(
1666616 6666616 6 66 166666 666 16 6666116 1661616616, 666-
hro 16 misma 6666116 11666666 6161166616661, 6 segon mo
dijo 6666 66 Pontici D. 116661116Ρ616661, 66 buono 6 66666-
66616 66 16666; 6 161166161616666666666666116166666, quo
66 honio 661616 6666666616 661166666616, 66 66 continuando
oon 1616 16 diligencia 6666 666 16 66666666 166 661661166 616-
zos. Y 66 61 mismo lugon 66 ha 6666616616 666 66166661Ιί6
16616166 16 marnoli 661. 6 10 66. 6116, sobre queso 166
66666616 661666 16 66166116 6616166, 16 (66616 1661161666
1666111666 ha consignatio 61 6666116611. 166661 1166661, 66
16616616 resultatio 6166 6666161 66 6616 6666666166.

11 soonore-se han 1666611661616666666 6166166166,

 

