52 1331311111111111133111311111310111

013 03313331313113313 13 33113 13 13313 13311033, 3 33 133
(11131333 3131133 33 313311313111301130133 3133133131

81ο ONSOR JlocL1v0T ClHllRlSI

11 ...... ‚ ..........
. . . 133 ........... ,.

3 3113 como 313331 811οΝ· SO ,

Y de la parte 13 133113 131 33331013 331133303311313
333331010313 31113333, 011313 11303, 0113 13 01133133, 3
3113 13 abellanas, las quales han 113310 31 113 21, 001113
131311133 3113 1333313 13 1113131.

1 13310-1111131 13 junio ha ido D. Camillo Paderni 33-
13 311331331 133103133311301333313 13 3331333 p. 3., 33 03-
33 1131333 33 ha 13303113113 33 piperno 033 3133333 131133
que poco 33 0333033, 31 que 1131130113 (3111131, 3 13 11331133-
(10311132, 31 qual es 131 331. 311 311. 13 13133 310 on.
quadro, que se 113 331133313 h Paderni‚ para 0031313133
bien dichas 131133, 3 33 ha 331133313 133111133 33 333313 13
311333313133110131 33331013, 111333, 1311133, 103 333033,
3 333 31311333 333113113011313133131, 133101330113313 111-
(1110 1113303, 333 313113 33333113 13 1110333303 33111, 3 (13
33130113 (13 333 333 (13 13311331 11131100.

11 ,131113 -— Se 113 3131113310 31 1133333 33 31 1333113133-
331013, 3033 333 31313 33 ha 1133310 31 3313013, (333 031-
responde 31 3011311013 13331 3 31313313, 3 333333 se 311
331113 3313133033310 13 133 33113303, seba continuando 33-
13 113131 33 3313333113 33110 311333 313333 3311333131. ΕΙ
“ 11311333130333 13 canan 3 031131 133 133 1330113010333
33011133 sobre las 313113313103313 13 13313113 131 33331010,
que se 11133113 31 113 28 de 13330 3. 3., 3133 han 1133133
1011101, 3 133 13331313333 13 31313.

18131110-13313311131333133 han 3303311313 103 13-
331333 3333313 31313, 333 33133313 3133313 13 133131, 311
3313011313 31313 003 333 3311313 13 muger, 30113 331301·
10333 33 333313 3331133, 33 3333131133313 3110333, 1311-
133, 3133333 333033 3 333113333, 30131103 333333 13 1333113,
31133 13301131333313 113113 33033113133 31 3113 1133330, 13-
10 13 (3331133 113310 31 dia 111. (1313333133 3303311313 7
1303133313 31313, 133 5 sanas, 3 133 2 33 300310133, 13133
(3333113 11333 3331133 333 333113, 311311333311110311113, 0113
11333 33 1113303133; 3 313110 333313 13 31113333, 13111333
111333, 13 333 han 113313 3111317.

 

 

 

 

