80 13313113133111113111111131313311

33333 333 31331133 de 033311; 3113313 3313 so 1133 3311333
6 pedam, y 131133 31133 5 3313333, 133 que se 33113133 13
3313333 33113313, 3 33 33303133 333 medidus.

23 8311331113 - Se 1133 3333111313 (13 33113113333113133-

. tos de 313333333. El pavimento grande 33131303 33113331-

133333103313133, (1331311331. 3313 331. 310 33., 3113
(1313 misma medida‚ 3113330331. 331· 3 331, otrodo 13
331. 3112 331 1 3313 9 33.,3113 (13 10 331. 311, 331 2 3313
3 on., 3113 (13 10331331 2 3313 3 33.,3113 (1313331. 31],
3131233132 33.,3113 (130 3313 9 ο3.,3 31 3113 (13 10 331.
311, 3312 331. 3 3 ο3.; 3313113 pavimento (1331313131333
13 1313 (13 (33333333 se 33110 33 5 3303333333 33133 3313-
· das sus medidas en 13 3331333 (1312(1333113311113133 que 1133-
133 3 1311131 13 3313333 33113313; 3 33 13 misma camara se
113 3311333 una 3311313113 (33333333 131131303 (13 3 331. 31
33331 2331. 3 233, que 1113333 3 33113033 los 3303-
33316. Α masse 113 3311313 333 3131313, (13 133 que 33 (113-
133 33113 se havian (133331113113 33 13 133313 33 20 333313,
3 solo 113 mandado Paderni 3333113 333 (13 1 331. 3 10 33.
33 quadro, 313 113131 dado 3131333113 33 3133133333, 3 se ha
consignado 31 (113 23 3033311.

Α mas se ha 3333311333 3 113313 31 (113 23 33 1333333 (13
133131; una 1333133 (13 greda frasqueada; (13331331113031133-
13 (13 gueso; 20331. (13 comissa de 13311331 1113333 1133-
queada 33 16 pedazos3 33331333 (1313313131 31113333 ; 33
pedazo de 33131333 (13 (3311331 blanco 1133333333 (13 2 331.
13133, (13 1 3313 2 3331331133 8333111333 33 3311333 (13

- 13313131 31113333 (131 331. 310 33. (1313133333, 31 331.

3112 333113, 3 313333 0 ο3.; 333· 131113 (13 (33131311113333 (13
1 331. 331 9 33. 333113 3 1 33. 313333 ; 33 3333133 (13 gre-
(13 (13 1 331. 31033. (1313333313 331 1 331, que 33311333
333 3311313113 3311331 33311133333; 3113 331333 (13 13011113
(13113113, que tiene una 3311333 (13 3313131.

30 8311331013 - Se 113 continuando el travajo de 13 3333-
11111“1.13111111111.111011011113113
xima pasada, 3 se dio parte de sus medidas.

7 0313113 - Se 33311333 31 3333313313, 3 31 (113 6 33 1133
3333333033 1133132 3313333 (13 conducto de 313313,ο 31
33303 1 331. yde 2 33. 311, (13 diametro, 3313113 (13 2
λ 331. 3 933. 3 3 33. (13 (113313113; 333133311313 (13 31333 (13
333 assa sana (13 1 331. 310 333113, 33 1311333 2 33. 3113

 

