1 1111111 10111111 11. 1101. 1. 11000111. 181

01 00 1110130010 000 1010100 60010; sd anche si sono 1101011
010001 pezzi di 00610. 10 00 ruarmo, 011610 000 16110 1000·
61610110 01001110 1010 1661010 111010 031010, 0116 61 6000600
01616 prima servito 01 01110 060, 61 1633011 1010 000010110-
ta 1160111100οε “

Msvcssslvssvsvs
LEGAVIT ’

Si 16161010 101 1011000 061 0011116 161 1610010, 6110 00 061·
00 11 0011000 61 ὸ 1101010 1110010110

1111161
1101111116

Sis trovato 00110 610660 Pompei, 0331061001061 0011011010
001 1000666110 d'lracs, 000 00103110 111110010 11 mezzano
modulo, 0 0116 061 10 001100 0000 61 0000606. 10 0111010030
(16110 616660 masseria si 11 1101010 000 16610 11 00110011 uo·
00 vecchio, 000 16 00100 6 001000 11 61610, 10 quale 001000
16610010 00110000 00 006110 311666016 10 ambe 16 00111 sul· ¹
10 600016 ; 10 barba ὲ 1101011 001016 10660, 6 1010 10610 ὸ 0110
011. 9 13. ¹ Ἰ

23 Νο11601116 - continuandos 0 6001016 06110 616660 00-
dem 1111001001110, 11 3101·οο 18 11 questo 0066 S. 11. 61
1030111 00110161 10 1016 60010, 01 10 600 0166601061600011
0011611 1100 610010 00011300 0116110 100010, 06610 00110161
1610010 616660, 10 quale 10610 1030106016 1101010; 0011100101-
016110 10 000 00111006 1110601010 1116610 660160000110110·
110 000 6 113016, ’11600616 06110 66306010 0001010. Una mez-
013010110000110111010 10610 10 01100 1010100 questo
0016 che 60616030 60010 16 600116 000 10000 00016 66101011-
10, 000 00000 0116 16 0016 60010 16 00600. Ouessa 10000 610
10 011011 1016 10 0000 0101110 10000, 01616610 000 abito
00661060 066160, 6 0116 11606 0110110 00 serpe 0110100 01 brac·
010 61016110, 6 00110 00000100010 16610. Piu 101161101110-
610 0300100010 066160 00 100010110 10110 0111011 quale 16-
16010 1101166 0110110600, 610 10 0110110001166100110110
dus 113010 110100 0 questo 1061110010 01011, 00011 00010 000
616110001Ιο 106110 006110 61016110 00 6010060, 61 000660 01
11100010 00110 10 00601110; 0101110113010 011111 10000 001-

10 6300100016 10 0000 110 616110. 110 00 1010 11 qussto riqua-
110, 101110 000 666601061 000010 60000110, 6106601110 000 00
10000111000000016010010,610110 60116111 0101111611003101·

 

