1161111111. 111. 16 1116 u. 11161. 1166611111. 117 ,

66161616 6611661116 66661616 666 1166 6616611166, 6 6116 66-
1611116 1666166616, 161616 16 misma 1666166616616161 ;
666 corradum 16 616161; 666 166116661616 hidrio 16 1 66.
6116; 61616 66161661611661616 66666, 66616 366. 6266.
611, 16 diametro 6 666 166 6616166, 6116 2 6661 66. 611116
diametro 666 66 661616, 611616 3 66. 611616 116616116 62
1112111111 ⁴ ‘2¹1¹'0ZL‘31‘Z015fi3ffffl2 111 1111111111
diametro? Α 616361 116 19 66 116 111616 66 66116 1613616
(16 166 6161166166 ), 6 se han 666616 61 1661 66111616 (1616-
666166, 6 13 1616616 61616 grandes, 6211 canales. Y el dia
211 16616161616611661116161 6611166616 16 6666666661666-
16 1661611661 16166116 16161116 1666611666, 16 16 (166 11116
61 1166116, 6 1166 616 1666 116666, 6666 666116 6616111666
1616 sano, 6616 61166116 66 61161116 666116 6 6661616.

28 Ε11616 - En el mismo 16661, 6 161 66616616 666 616
(1666661666661166 1161161622 661. 66 11 6616166;6661166
66666116161 ’616166 16 616116 1611666116 16 1 661. v 2 66.
66 quadro 6611666, 15 661661116616 6161166116116111616 6
66. 6 166. 6616 666, 6 166661666616 661661116616 mar-
6161 66116-66616, 66 1666116166 6 166 66666 16 61616 16 3 661.
611, 6116, 616 1 661. 61116116166116.

1 Febrero - Se 116 6666611616 6 116616 61 (116 3, 1166 go-
1666 (16 166161 16 7 6661121616666 2166661166, 166 6616-
611166 16 616161 ὸ 661116, 66 (66111116, 6 66 61661166 666166
16 66116, 3 6616611166 16116616 16 gaeso 16 1 66. 611116
116616116, 611, 66. 16 16166.Γ

11 Febrem-Se ba 666616616 16 611116, 6 116616 6611166
1166 1166 (661161 61 1116666666 6 166616 16 6616161, 6611166
motivo 66 66616666 1661161166 16666.

18 Febrem - Se continua 16 666616616666111666611611-
moion ‚ 6 66 116 6666611616 6 116616 61 116 17 1166666616
166161 161666 grande, rota 66166 6616166, 666 666 66111616
1111161616 6661616, 6 666 (611666 16 666616 66 6616 6661616
essm 6116 6666 66666116 16 616161; 666 66111616 6661666- ⁴
(1661116 ; 166 11616666 ὸ 661666 16 6661616166 ; 66 66111116 6 Ι
666 6616, 161616 616161; 61666 6616166 16 116616 16 66666,
66616 5 66. 6111161166161166662 6616166, 611616 3 66.
611, 6 1 66. 16 diametro Ι1616 en 1666616166, 6166 3 16 1
66. 16 11666116 6 ¹12 66. 61166; 66 medio 1666116166 16 gre-
16666 (6166666) 161166 ; 6 66 mascaron 16 61616 1166666616
de 8 66. 6116 6 6 66. 666116.

 

