1011111111. 111. 10 111011. (10.1. 1100011. 115

2 1100610- Se continua la 6606160100 0 60 1616600116110
un pavimento 16 10610101 16 9 0610 806001 6 0610 3 on„
06616 1160110 000 0061616 61 1616101 16111600610610 0161·-
6101 66161666, 11660016010, porta santa 016100016116 de Ge-
noba 6061601166161101 todas las otras fajas 606 16 alabastro
01160161, 0 6161666110 blanco 10160110, 016 0610011οο, 0 01106
006116106 0160061106 16 61110600. El pavimento que he visto,
06 6100 16110011660066011010, 0 60 0666610616 06106106-
3993999939992 161111 1111116111
sponde por 61016106 066 0116 6616106.

Ἀ mas 66 ha 6000011610 00 0101160 16 piedra biva 16 9
00. 6110 0 13 00. 1611606110, 13 tejas 016016616 0161616
2 pal. 0 12 de 10000616 por 1 pal. 0 100116 01601016, 6
666061066611660066106 (16 01616 (16 10 on. 61106 por 7 00.
6001106, 0128161111106 0160061106 16 5 06. 0 Ι12161006 por
206. 6001106 0 01066061 00.,106 001666 0160061106 0 000
mas grande de 106161, 0001610010 16 06110 16 001010 16

06116.

p 9 100610 - Se 116010600116110 106 0010666 grandes 16
661000 blanco, 006 061606 666 61000 60111110 1161110, 0 66
1601166 encuentre 610006 0116 6616106.

16 ,100610 - En 16 0616616 1111611616 10016 66 60000111 16
661610616 6161160161 116 10 161 proximo pasado mes, 66 ha
0011610 61 pavimento de 10610101 61110600, 0610, 0 herde an·
tigno, 16 10 006 66 110 06116 61 116 2 161001116616.

Y 6016 6666116161 1101106110 1110016 16 Filippis 66 ha 116·-
161610 3 1166, 0 661166 60000116103 1006106616 01616, 106
campaninus 16 616161, 006 01066, 000 01610 16 166161, 00
peine 16 06660, 0 00 061610 16 16016 16 00660 1 106 66-
06106.

23100610- Se 00011006 16 6606160100 60 16 16666116 16
1110016 16 1111001160 60 1616 10660116061610, 066 han en-
contrado dos lucernas 16 01616, 00 0661111016 06110000 60
11161111.1111111111111111111
16 6610616101 066166 letrae: DlVVS · AVGVSTVS · PATER,
016 16 0116 parte 00600100610 1166066 000 1661611668 · C.
11161066 0 6611610 66 ha 1161161610 60 16 61666116 161160606-

161106661 16 6616106, 061610601010610660666116166001116110
006006160010160616160010666 6661 0160166, 006 061616
00 11010116 00 00610 6116161166.

 

