3313111111133.33113113111.1.33331131 185

1 111333 ο-Ν31 131331311Ν131113311 33333113 3331133 33113
(1311 13133333 1133331113 331 33333113 de’ 2 novembre 1765, 3
questa 33131311333311333 due 313111311333 3131133313, 33113-
13113113 31113 3331131313. Supra 131333133 di uua di queste
3113331133, 31333313 333 figura alata, 3 33113 3113313
11 33 1113331113 333 3311313 di 3311133333 333 313333 3333. Ν31-
13 3311113111 1131131113 313111311313 33 33331331111331313 33
3113331113 3113113 31131113313333 133 3331 3 13311, 313 3313
31333 13 331333 (1133131311313;(13311333313333113333131
11 due 1311 113113 313131133 piacula 13331, 3333 313331333333
3311313 33 31133 monumento 331133. Nullo 333313 313 13331333
1331111 1333 queste 313111311313 31 1 333 3311313 di 331333333,
31113 31133 simile 333313 313 311 1 33311333 31 1 33 33331-
11313 331313, 13113 3331113 di 113333, 3 333 sandali 3 313113
3331333113 31331 qualche cosa 333 33331331313,313 333 33331
distinguere 3133 313. 11 3333313 di (333313 131333331 3 3113-
1333313313113, 3 11113313 1 3313311311333331311313311113, 31-
3313111 3313 ’“313133311 13 333133 3313. 3133311 11313333333-
313 331313 31 3333 1333311 311111113 33331 3311311; 33 3331133-
3133331313 313 3311313 di 333133333 333 edificio 333133313113
113 3111131111 3313333. 113 31113 313 33311333 33 33333 13 3331-
33 11333311 13133133133313 13113111113 33331, 313 33311333
due 3133313 figura 13 331333113333.

1113333- 1131 13133131131113 331 3113 3333313 dove 3111 ’
16 13111313 dal 3333313 3333 33 11331 131133 di Cajo Norba-
u0, si 1 1133313 333 313133 di 3131133 3113 331 333 311313 331.
131133. 1, 11 311313 3113 33. 2. 033313 313133 33311133 333
donna vestita quasi di 33 3313, 313113 succinta, 313 1133333113
desua 11 manico di 3331313 131133133131313 1313331 1133311),
3 331131113 31333, 313 11333 distesa lungo 133113, 3311333133
333 3113331 3333111 3333 33331311 quasi 333 331333113113
313313, 3 311 33311333 33113 333113 dei 1333311; 1 33333313 da
cinqus 11311 133 1ο3111,’ 133311 313331131311; 31 33131 3311313
3133313113, 13131313 quasi da due 33331 1131311; 11 3311313 del-
1311131 333313133131133313 333 3313 'adurni 33133 13 durata
113113 stesso 31113 quasi tutta 13 33113 33313 13 313133 333313-
scia 13 33311313 33313 13 333113, 31331333 ad 331131 333311
3133113, 3 31 3333333 333313 31313 di rosso: 11111311311311333-
313 1 333311333131131313333 varj ornati, ed 1 11131313 di 333- ’
so. Si 3333333 313 13 questa 313133 31 1 331313 13111313111313
331313, assando 33313 333113 33113, 3 333 31133313313113 so-
1113 di quelle 313133. 113313331131311131 33133 11 1133313 (13-

1311. 1. ²⁸

 

