1116 xxm ι. 111. 11111. 661. 1. 1166111. 91

11661666166 1616116; 66 1116616 1616161666 66 11616
6116616 1 61 16 16116; 1611661166 1616611166 1616116661
6116166 1616166 16 1661116161 16 616116 616116; 666 66-

16116161611611616 66. 1611611611ο; 666 1661116116 16
111116 16 7 61. 111, 6116, 11 66. 16 diametro 1116 1666; 1
61 61616161611111616116166666616616116611111111νὸ111.

Ρ1161161116--56 16 6666111616 616 6111161 166 6611166
1161166166 16 166161; 616 661611616 16 116116 16161. 16116-
166116; 2 1616161666616 11616 , 61 616 666 166 assas alto 1
pal. 1 9 on.‚ 1166 61. 16 1161161161 16 hoca, 1 61 16166-
za 1 pal. y¹t2 661 66166161166 CXllll : el otro ’6 616 666616
1161.61161366.1611616161161666,1961.116166-
16 ; 61166166 1661166 16161616666 61 666 11616 16 661 66161-
1616, 1 61 6116 11616 16 666116 661 1 6616166161616 , como
6161116666 para colar la 166616; 166 1616666116116 616 661-
16116 16716166166116166 1 16111161 pal. 1 9 61. pori
pa. 66.

1515166116-6616 6611116616 61 6616116116 11616616
16 611116 61 1616116, 1 61161161161616 ’6 166661111 61 16-
11616116 16 16166166, que 616 1661 1161 16161616, 66 66161-
11 16661616 16 61616, que se eree ser 6116 camara 1666116,
66 61 que se 16161666116163016166661616616616 616116
1161 16161616616 1661116161 6111611166, 1 166 pomos, 1 16
111161 16 otro 16161161 16 616116 661 61 16116 1616116111

2 1161666616 116161 611166, 16616 6166616 5 61. 1111161
1161. 1112 16111161 16 1661616166, 161 661 661661616616
61 ro.

22 8611611116-111 16 camara que 661611161 6611116, 61 pa-
11116116 61616 8 16166 quadro, 1611616116 61616116 6616
6666611616 6666, 1 66 16 16666116116 11 pal. 16 16116616, ’
161166 61616616, 166111611 161. 6161ο; 1 66 166 61661-
11616 1116161166 1161666616 hidrio 116666, 1166161666 6666
16616 66 66116161 166 1161661666 16 111116.

28 8611611116 - Se ha 661616116 16 166661111 16 1616116
161 pavimento que se 6616611, 6616 pavimento 6616616
16661161 1666111 6616 6166611616 666 6616161616 16116
66161 11116616 16166161;11611161161616 166161 16 3 66. 1
616 parte, 1 266. 11121 16 6116116116, y 2 1616166 16 116-
161 661166 6616616166 16 166116 66166 16 1661116166, 16 5
6131111161 21111 112616111 1311616166 1611661616
11116 6 66116166.

6 0116116 - sabado 1666616,1661666161 1616111116 16

1611. 1.

 

