16161111. 116. 16111 rr. 111. 1. 11666116. 53

25 161116- Se 6611 611616616 61 1161616 segur 16 6. p.‚ 1
61 116 23 1166116116 666 66661616 66161166116661616, 1
66 6611111616 66161, (16616166 un 6611116616 666 666 6611616
66 66 6 unta.

2Julr'op-Se ban signiendo 166666666666616666111166-
do 666 11616616, 1 66161161616666 616116116116111166166,
dende 661166 6666611616 1 1161616616 jalo 6611166, 11
6116616 africano de 1 pal. 111161 666, 1 3 11616166 16 16-
61661161616666 1661116166 ὸ 1666 66116 1166116166 sobre
66 66161666, 166616116 66 6166116.

9 16116- Se 1166 continuando 166 6616666166 66 16 66-
seria de 11666,16611661ο 1161666 1166116 66 116 16666116116
61116 1 66 (166116 16 66166166 16 1 1161. 1112 66 (166116,
(166 16166 666 1616 6161116 66116, 1666116166 61 66116, 1
66116616 por 6116 1166116 66 ha 1666611161166116161616 661-
66166 16 1 1161. 1 9 66. por 5 pal. 1 5 on., que 16166 1616
661161116666, 1666166116 116161166116166 16 666166116
166, 16611166 blancos y 6611661666 66 ha 16666116116 666
11161616 (16 2 p. 1 1 66. 1161 1 pal. 1 3 66., (166 representa 2
figuras 16 6616166 16611166 666 66616, 666 16 61166 11666
1616616 666 661666616666 21161661666111616 66 1166166-
6166 1 3 1161161661 66 66661161 166116 1666611616 61161616
16 66166166 11166661 661161166116666 161661111661166, 16
10 66. 1666616161 8 1161.

ΕΙ 116 6 66 16 6666116 16 11666 66116 (166661116116 666 66-
6616 666 61 pavimento de 66166166, 1 se 116166661116116 666

6611616 16 1166116 166616616611166661 negro de 111 pal. y ¹

866. por 1 11611 10 66., (166 66611666 8 (1661116166 16616
666 ron 666 1161 66 66116; 166116616 66 6116 666616 se
666666116 16611166 666 6111611666161666166166, 116666-
161166 11161616616 6661166 66161661166 1166 111661116161
1666611111 (166 66166666 16 piperno 666661616616611161166
16 661666, 166 6111666616 de 666 1 6116 66161666 se 1166 16-
6661116116 11666611616616 66166166 11166661 66116, 666 16
1 1161. 111 16111161. 1966. a 6611166 blancae 1 aegrae, 1
6661 medio 66616616166, 1661166 (6666616166, 1 (166116-
166; 6116 16 5 1161. 1111 por 3 pal. 19 66. 666 eseias 11166-
easy 661166, 61 66116 (166116 (1661166 16 1116166166 laborer,
1 16 1616616 666616616 a 16 16 arriva.

1616116-116 16 6666116 1611666 61 1161266 116666666-
11616 7 116166116616166166 16 66166616 6 66. 1 9 66.; 666
cantione 666 6611616 16 6611666116 dos 66666, 6116 666

 

