101111101111111111110110011111. 15

0 00 1000 00 10110; 1100 10100 00 1001010100, 10 000 00 '2
101. 1 5 oo. larga 1 2 00. ancha, 0110 0001010010, 1100110
00 0 101. 1011011 00. 000110; 01100 2 100010000 10 misma
1010, 01 0110 (101 101. 101 0110 00 900. 101 1 00000110 cio·
00 11010000 00 1001010100 1111000011100 10010100 00 guar-
oioion‚ 11000 quanto 00 011110 00 010101. [1000010010 00 00-
1110 algo rota de 13 00. 00 01000110 1 8 on. 0110; 00100-
0110100 00 110110 000000 assas de 3 101. 100. 0110 17011.
00 01000110 0 10 11000; quatro lucernas 00 gredo, 1100 00 0
00. 00 diametro, 011000 3 01. 141, hecha 0 1101110010, 1 10
assa 00101000, 011000 3 01. 111, 101101000 0 10100, 10110

00 5 0. 11, 000 00011100 00000000001100, 1000 110110-

0100 §abre 01000110, que 11010 00 eada 10010 110 0010; 110 110

00 1000 00110010 00000010 000 1100000110 00 1010001100
101000010110, 00000110111100, 0110210113011.,1
01 0110 00 2 10101000 ’10001100 00 10110000 00110 0 10110;
11001010 otro 10110000 10010110 1 00 00100010 1010001001.

27 01010 - Se 110 000011111οι10 01 010 21 00 10110011000
0110100100 0101100100 0 quadratos, 01110000,10110-10010 1101110,
1010 01111110, 1 sarabeza 11001010010, oon una faja 01 1000001
0010110-0001000 3 00. 111 000110, 0011 01100 110100 0101110
00 100100100, 10 000 00110 00 1 00. 1111000110, 01101110οο0
de 1 00. 1111, 0110 00 1110000 00110 1010 0111011110 1 herde ,
0101 111011 1101011100 00 1100000 00 1 00. 11101100101000 , 1
1000 01 sobre dicho quadro 00 00 6 101. 11000. 1018 101.
111 11110010 010 00 ariao ambian 01000101, comosa havian
000000101102110101001 10 000 00 0101. 1111 1016 101, 10
que 00011000 uo pays, 01110100, 11100 11110100 00 columnas, 1
01010 figuras 1100110οε000 manto, ymas 011010 forma 0110 ga-
' 1010 00101ωο00 000 remos, 1 111 personas y 010 011101, 10100
011010 00 0000110 000 2 1001100100, 01 000 0000000 000 00
1010 00 0111110 000 100, 1 000 0001111010 0 10 0011010, 1
000 10 mano 00100000οη0 1000110 00 pascar 000 111110000-
00; 1 un centauro 0001000 11000 000100 000 menos 00 ba·
0100 00 0010 00 110111 sobre 10 00110 001 10000001; 010110
10101000 000000010011 0011111101οο 10 0011010 0111110110 0011
00 1010, 1110000 000 100 000 100 001100οο0, 1 sobre 01
010110 quadro uo mascaron 000 000 10010 0011000. 110 0110
1101010 00 1 1011 ¹12 por ’1 1011011110 00011000 0001011-
ger 11001100 000 manto 000 000 1010 00 cada 01000, 0011 100-
0100100 1 00110110 1 algores 110100101 10 1101110 , 1 00111010
0011010 un 1000 000 000 1101; 100 quo 00 00110100 01 mismo

 

