1161 111 1. 166. e. 116611 enm 11. nn. 1. 1166111. 11

166, et 610 61 pie, 6 61 0110 601610; 16 2161 661. 6019 06.

60111616 6611616 6166011166, 106 sirenas, 61166101, 6 61

61616 16 3 de tt 01. 61 quadro 1611666116 6110 666110; 6 16
(161 661. 601 10 01. representa 01106106 cupidos.

11116 ψ

1116610-11616661161016 particular el 161616616666· ,
116110 tres 661666166, 16 106 666166 6601611661 611110 61
611610, 61 666 10 6616661110 6060661661, 61 6616 616-
16, 16 bronze, ὸ 16 66110, 601 66161 6611611016 16 116116. Y ’
se han hellade 6111 16111161 6666 11016166, 6 616 6101661116,
1610 16 116161, 616 6611611116 6 61 1661010110 16 611110, 616
6161166116 16 66616, 61 (1610101616661666110, 616 pe
66616666161616 660110, 616 66161616 6666616166 66666-
fia de 11611101, 606 6010 106 106 6166 6161116, que 661616116
61 11661661οε 6 61 61 mismo perege 66 1616666116110 1611-
1161 6166666616 6111616 16 61 661. 611, 6011 661, 666 de.
1666116 6666, 66611 bien conservada.

tt 116610- Se 16 6160111610 666166611616 116116, 616
1616 1666116116 16 tiene, 61016601616161, 61666616, 6
nn 661610 16 16616 (16 gueso, 6 66 16 1666611611) 16111161
166 6111616 (16 1 661. 6116012661. 6116666 representa
ΡΗ1111111[1111111111111111 navent, yffi
16 6666111610 66 601166661660, 6 011061166 6616111106 (16
metat, 001 01166 (106 clavos, 60010 66666106 661610616
ΥΘ1111161046 ha 6011610 61 00166νί10 661610 16 6661-
161101610666660, 16 12661. 661 tt 661. 6116. Yel mrsmo
16 66111610 61 j0ven del 66061101 1166611 6666110 61 1 6616-
106, 106 616166 66 66 161 601166110 616616110161 mismo
6606110161 1011161. 116116 61061166666160106, 66161 001-
161061 mismo tiempo 16111166 16666610 61116166, 666 11
66116161. Ε. 16616 11611166 6 601161110,’,601 66116116 25
de (1161611116 proximo pasado, 166 616166 1666116116 66161
001166110 61661611016166661101. Y en el mismo 1161660 66
he 6160111610 616 66161116 66110, 6 15 clevos tambien 16
66110,106661601 26 661610616 60616610 16 610610, 666
componier 11661. 16 longitud (166061161106161111611066-

 

