100 mmmmm 3333333333 33333333 ,

013313 03 meta! 3313, 03233. 333233. 03 diametro, uno
escarpielo de 33333 333 33 3333333 03133131 3313, 03 5 33.

313, 13333, 3 33 333313 03 3330303 133. 313 31133 2 33.
3013333133.

10 Ν331333033-83 033 3333313303 10 3303333 03 03313 03
3333331333 5 on. largo 32 3303 diametro 333 2 33133333
133 313339 032 333332 33. 03 diametro 333 33 331333 3303
333, 3 medio 33333 03 333131. .

1711133133ιο3 —- Se 03 1133303 0 33 pavimento de 3333333-
co 013333 03 13 camara dende 333 133 31313333, 3 se 03 333-
3303 0 033330313 3133 33133331( 03313303 3103 3333 Ρ303331
1330333033 133131313333 03 13310333 33 havian 033330133-
13, 03 013333313 que solo 33 333133 1333, 333 333 13 33133333
0333313333. 3332331. 3113, que representa 33 3303-
31331 333 33 33031, 331 ie 031 330331331 333333 que 03333
11033 33333033 33333 03033031 3310333 13333 1133033 33333
1313333 33 3333333 3313303, que 33333333 333333 033133 03
33313333 03 2 333333 33 033133 330303 333 3133333 313133;
303 13 33313 1333313303 031 33031 forma 333 figura 03 0313033
0331103 333 manto, 333 333 13333, 31 que 3313 como admi-
3303013303 3133031; 303 13 33313 0333303 3133 113333 03 ·
0333033 3331103, que tiene 333 13333 333303 33 113333. La
1101001101133310111000111111011 ,1111111311
33 de 1 331. 3333. 33310 33.3333333313333 113333 03 hom·
bre 0333303 333 33 3333 03 3331303 031333, 333 1331333333
31 3333 13331033; 3 031 pavimento que se dio 33313 13 33333-
33 11111111011111111011 110111101110111311113ἓ
se neda.

21 Ν331333033 - Se 033 3331303 133 31313333, deque 33
013 33313 13 3333333 3333303, 3 se 033 33313031330133133
7 3303333 03 pavimento de 333333333. Y 13130133 033 1333-
03 333 1333333 03 33303 03 1 33. 3 1 33. 311, 3113, 333 33-
33 03 13313103 313333 3333313, 3 33 remanente de 3330313-
33 03 333131 13033303 03 533. 31133 133. 311, 03 diame-

' 133, 313 que 13113 se 333333 03 333333133313, 3 33 03333 te

033 133 0103333133.
1 1113133033 - Se ha 3333313303 33 33033113 03 133131 03
3333333333 031 33. 03 diametro, que 33311333 333 33033113

’111131333033- Se 03 3333303 03 033330313 31 pavimento

 

