1313 1111111 11. 111. 1311111. 111. 1. 1133331. 39

1331333, perche 13 13113 superiori 1131333 3113 1331313 1113113
333113 quelle gracili 1331111333. .

19 1133313 -Ν3113 333133 3311131333 31 3 13131313 3 131313
quasi 11113 13 13113113113 113 313333, 3113131113111331311333-
1333113313 1311113113, 31133313 sono in 131313 111 essere 113313313
33133 13 3111311333113 13111331. Depo 13113131 131313, 31 sono
1313133311 questi 3113131 313131 13113 113113 3113113 3113 13313 3 ’
131333133311133131113333,331331131111333111113 1133113 3113113.

1111 1133313-13 questa 11333313 3311113333 313131313133
13131 13113113113 3113113 113113 3313113 antecedente rapportm
131313 che continuem 1131 111113311113333. Si 3 3311313 333113
13133113 13113113333 313333, 3113 3113133 33 di un cortile di
113311 iscla di 3333, 113111133111313 33 3 possibile di 1313111131-
che 1111313133313111 3333111 antichi.

2 11133113-13 1113313 11333313 3311131333 31 3 13131313313-
131 13113 113113 3113113, 3113 133131113113 31113313 di 3333 113113
1111113113, 33133 313 1133131113 una 31333313 31333333 1131-
1333311. monsig. Gapeceiatrc, 3 della 33331333 3331333313
333331 1131 1131111, ed in 113113 313333, 3 31113 113113111 3331-
113 31 113131333, 33313 31133133113113, 11133111 3333111 3113
sono 1131 1133311131131113333. 11133313 di modulo mezzano
num. 1. 11333 131131133131331313, 3113 333 33 33 1133 113131-

131331313113313. 11333 che 11313 333313 31313 111 que'da mi·
3313 senza manico, 11313 13113 3 hemmenam. Pisistra di 1111-
1133. 13131331 di 1333113111. 61113111311313331113331133133111-
canti. Ferre Cassa di serratum 333 3111313 33113 311313333

13331131111113333. 13113331131133 11331313 111331313 11113113
13333, 311333 133333 1111133133. Ρ33131331133 manichi. Ab·
3313131313 1313333111. 1133331133 manichi, 33113 1333331-
113111113313133, 3113 1131. 1 'h- 0331113 1331 di 113313 313-
11331131113333 concello 331111 333133113 113 33 1333133. ΙΙ 1113
3133113 3 3113 1131. 1 ed 3333 5¹1³, 311 11 11111 11133313 3333 1.
11333 di 113113 1131131313, 33113 13333 13113113 3111333133, 3113
pal· ⁴ ¹12· Coperchiucii ordinarii 6. Gran 1333333313111113
3111313133, 3 1133333113 33133 quello de' 3131131. Ρ13113313113
auterannus 1113133113 marine. Questi pochi 333311131131111-
11131313 mercedi 5 1131 33113313 1131331331311. Museo di 333
11331333.

9 111113113-13 1133313 11333313 3311113333 31 3 13131313 313-
131 13113 113 331113 13 31113 313333, 3113 1331333 113 1133133131
33113 331113 13313 di 3311331331, 33313 31 3 1113311313 333313 di
331131 levando 13113113113 strada 3333333Ι

 

