 

132 166166116661161111116 16616161

161116111116166166111666166,66166666166166 mangos, 650
botones de muchos 6616166. De 61616 166 16666 6 661166666-
16.Ι)6 616616 666616611616 21166. 6619116 6116116166 husos,
666 baqneta, un 6666161161, 16616166, 636616666 161166-
16. De marmol 666 66166616 1166666616,166666666616661-
16-66616 6 61116666, 66 quadro de pavimento de 16611661 16
5 661. 6 1 66. 6661666 de africane, 611616 1616611616 pie
116 16 11666116, 6 66 61 61611616 16166 manebas blances.

3011111-116166 12 pessos distante de 16111666 se 116 66666-
11616 666166616 16 61616161 16661666 16 3 661. 6 9 6616166,
61 661. 610 66. 6661166111 66. 6116 66661616616, 16 que 6611
’66116166661661161661611616616 marmot escornisados abajn de
166 beses, 6 61166 2 661. 67 66. 6112, 66661661 661. 61 66.
6615660116 66666166616611611661616161 66661616616 61161
111111161111110111ὲῖ1311111110ῗῖ1111161111·
va 61 agna 661 16 hoca 66 16 tuente. 661 vaso 166616 166616
661666 6616666616 6 6666666 16 61166 qne 6 666166616, 6
todo es 1666 6166166611 6166 66616666 1616616161 11666616
tn on. por 21 66. 6 1 66. 616 616666, 6 1616 66 quatro 66-
16666; 12661. 16 6661661616 616166, 666 6166116, 666 661-
1616 61661616 616161, 666 6611611616 16 61616, 66 hecel de
1666116166 1616 666 66166 161166 . .VDNNO; 666 hoca de pozo
de travertino 666616166166 6666661616, 28 66. 6112 6116 6
26 66. 6 ’6 16 diametro.

911666 - Α 16 116166616 (16 7 pessos de 16 Diana se 11666-
6661161616616161 666 6666616 6166 6666 666616166 616116-
16166, 6 16616 66616 forman 666 6611666 16 666,166 6666-
661666616616166, 66 66666 16 hidrio 32 6666166 16 66161
11166666 6661; 16 616166 6 661. 6366. 16 66616616 66 566-
dezos; 16 (61616 666 661166666116 666 61 brazo 16 666 6616-
16116 6161616 16 6661, 6 66 tamenn 116661166116166, 6 sobre
61111666 666 616116 1666.

16 napo - Se 66611666 616 6116 66116161.

2311666- Se han desenbiertn 166 6166166166 61666 616-
tures: 1. 16 11 66. 66110 on. representa 6661661616 me-
116 666166 611166 1611661116, 6 medio 666166 611666 66616
6616661661666661ο; 2. 16 1 661. 661966. representa 66
1116661116 61616 6116666616 1161661 16 661666 3. 161 661 6
10 66. 661 6 66. representa 66 661166 1. 16 2 661. 6111661
13 66. 66611666 66 66161666 6161616 6 16161616 6 1166 666-
66166, 666661116, 6 3 666661661661661161 pal. 6 7 66.

 

