1 6111 116111 11. trs. 1111611. 111. 1. 1166611116. 157

11166 61166 6 61 61666116 Ε666116111116 66 166 116 1166616. Amas

se han 6666611616 61166 quatro pesas 16 marmot:
1. 16 101111166 3. de 31111166

2. 16 51111166 i. dei 111116

11 Leptin—Nol podere di D. Giacorno 11666 6636116616·
61 6 66661116 1611116ῑί666 66616616 66’ passati 1611116111, 61 so·
no 66666116 166 porzioni d'intonachi 11111611, 6116 61666666
666 stesso muro di 6661616. 11 primo 16136 6 1161616161οῑ
16 1666616 6116 6636116 16116 11111616 116 11 6661116 11616661
mezzo vi “6 661116666 666 16666 666 166616 6 661666 11 fiori
in testa, 6116 11666 66116 61616116 11 tirso e 66116 166116 11 11-
666, 6 16616 66666116 166 6116 3166661116, 616616 qnasi dentre
6 666 11666116, 661 1161611611616116 quale vedesi 11111616 66
11666166 1611666 6 161116 161616116 11666116 61 6666 var]⁸ 16-
mosceti, 6116 61616666 16331611666616 11 1161666616 16116
1666616. 86111611 questo 116166666 61666 61616616 16 campo
16666,161616161661616 16611161161611166616666166666116163-
3666 161 6616161661, 16 ciascun 11116611 vedesi un 11666 16
661 pende 6111661666. 16331616 61661616616 661 mezzo, 66-
pra 161666616, 6 66611666 6611166616 111166116 66616161616-
1161666166, 6666 616661 66116611 6161161; 11 1616 superiore di
1166616 111166116 61 ostende 161616166616 16166 1116161161616-
1116 616661 1666666111, 16111 qunti pendono 166 6166611616,
66611 3166666 6611666616 61 66 666111616, 61 61116 11 666-
61116666666111611. Sopra di questo 616616, 6116 16 6616666
311166111666616616616 66 quadro (che 16311 antichi e 61616
6661611616 16 6111616636, 6666666616616116666166111616666-
16 661116166666), 661 quale 6666 66116 13616; 66 66166 66611-
nudo 1661161111611616 61666 166116, 6116 61116616 11666 666611
11 se 66 166616116, (16661161 16116 1666116 16 166616 666 sear·
pe, 66616 6366166616 16 116116 1616666 6116 1166616 66116;
1161161611661116 66116116 61 sono 166 6611611 666 61161, 61
666 11 essi tiene 16616, 611161161161611616666 vi sono altre
113616 6116 666 61 11666666 distinguere.

11 secondo di 2 1161. 6 1 on. 16136 6 5 1161. 6116, 661 quale
616366 16 1666616 66166 661161116 16166666, 661 eampo 6616,
16 1116116161 quale vi ’6 66616666 666 611 11 16116116 16 6116
11 661616, 161166661116166116116 16 11166616, 6666616661616-

616 6 pendenti 6311 61666111, 116116 66116 166116 66 6666611611 · ’

fiori, 666116 61616116 66 ramo. Resta 1616666 66116116 den·
tro 666 116116, 16 quale 'e 6116161616 16166 11161 6 varj 61116-
scelti. 11611161666616 sopra 16 1666616 661661, 66166 661161-

 

