88 . 006010010161100001101( (0600011

6000011600 por 1110061110111610 entre 166 1161066 (101 6606-
106010 (16 16 01666116 (16 10606, 00 pedam (10 (0610101 1116000
(16 8 00. quadro, que 061606 600 fragmento (166100066616-
106, 61 qual 000 1600661οο (16 (006 60 aque} 0116010 1161000

, 11600 D. (16011101606101, 06161006161116600 (161 06010160-

10 (16 010066οο0 (006 66116016 61001600, 66 11600 (110110 peda·
zo (16 (060001, 0 66 116 continuando 16 0666660100 novando
1661161066 60 0606016. 1166 ha (16ωο1116010 006 1606 (161000-
66000 11160 1061160606 (1611 061. 010, 0001 061.0900.; 60
61 medlo forma un ο(0(100010 (161110066οε0 60060600, 0 (1616
ἓξ11(11“111111111111111111111111111111
(006100000106006 061606ιο 116066 {le 0100 60006 :im 00000600, ,
1611((6111121100211611,1161111611
16016; 066 ha (166001116110 006601101606010066οω (162061.
por 1 pal. ⁴l² 000 1106 (0066010166 negr0s3 066 han en-
00010660 1111 0616011106 (16 116016 (16 00660 000 00 600610 06-
(16000,0(16100. (16 (116(0611000116 (16161οο, 001106
pedanos (066 grandes (161 0116100 00660 000 (106 6006(οἕ cada
((00, 106 que son quien (16500.,(00160(16100.,03 00.
0101. 0 006 (16 (116(06100; 006 01600116 (16 (06161 000 (106 pe·
(16006 (16 6 0000( 5 00.;0 00 ((6661016110106 (16 5 006110
ty! 24011. ldei (11601600 116 11000(1 ; 00 16606100 (1001100161 (161066
6.6(0; 0066666 601016606 016 00. .
13 00101(νο »- Se 116 (1060001600 00 06010616 000 61 0601-
e Ρ 8 1

, mento de (00066000 1116000 0 06000, 1160110 11 medio 66006-

(110 (16 6 061000 1 061. 0 3 00, tiene al (6(16010( 006 161616
(00066000 6101, 0 utra faJ'a 60 61 mismo pavimento de moy·
66000 1116000 0 06016 0100 0011066 lobon-ada, de 8 061. 0 1
00, 00(Ι 11 00.; 0 60 61 (0160006010616 06160066011016 (16
1110066000 0001066 16001616 (16 1116000 0 06000 000 (106 16066
0110166 610166 (16 1061. 0100011061. 0 8 on.; 0 61 (110110
0601061611666 006 0016116 0101616 (16 12 061. 010, por 8 061.
0116, (006 representa 61 principio (16 1601016116 5 01660610-
066 (0066011611 616006 por 1611006 (160100 (16006 106016, (006
66 (06011606 00121600660201110000 6061106 (16 6116 10(-
016 (106 1111100066 000 (106 60006 000 10660660101660 61110166
por adentro, despues 101106 (106 columnas 0 060116166 (16 61-
0011601016, (1660066 111606 006 0611006 (1611001116 biejo 00-
riosa 000 barba longa 0 061101106 rizad0s; (066 611600 (16 16
cabaza 116000 (0600 (16 06011006, 0 (1660066 {aias 0 001061-

 

