166 1333311311111 1333311113 3313311

131361, 3331. 16 3111, 33313333331133 313333111 111 313111131-
1313 13 331333 rosso, 33113 de’ quali 1331333 1133 1311313 di
13313 333 navi. edne 11333611333 3133133311 13 eampo ne-
13, 3331333ιί 113 33 6333133313 3 3111313333ιό 313113. 3. Di
33331 131331333Ιί antecedenti, 133313333131131333311311131-
3311311313, che 1331313331 mezzo di 1313 13133333, 33113 331-
11113 1131 33313 sembra essere 333333 333 33 333113 33333113,
che 33311333 333 333113. 53113 questo 3133331131331333 333-
333313, 3 331 1131333313 333313 3313133311131333336333313,
311331333113313. 1. Di 19 331. 13333 3 2 331. 3113, 33311333
11 113313 13 campo 3313333 1311333111. 5. Di 1 331. 13333 3 3
on. in quadro, 13331333313 33 333333313 3 33113 333 13333113-
13. 6. Di 1 331. 3 3 33. 13333 3 7 33. 3113, 13331333313 31-
3331 animali marini in 331333 verde. 7. 8. 9. ni 331. 1 311
on. 9 3111, 3331. 1 31133. 3 1313111, dne de’ quali rapprcsen-
1333136313111333133333, 3 131113 33363313 1331113111 1333-
13 1113333, 3113 33113 33 secchio pel manico: 13111 13 campo »
rosso. 16 ed 11. ni 9 on. 1333311111, 1333133331333113333-
1331, 333311 sopra porzioni di 1331331 13 campo rosso. ⁴2.
Ρ31. 1 31133. 63113, 3331. 1 13133, 1131333313333 3333313 “
quasi del 13113 33113, 3113 3311333 1311333313 13 mano, che
33331333333311333, 13 331333 rosso. 13. [11 1 331. 311336
13 3331113 33331333313 33 133331113 13 chiaroscurc 313113.
11. Ρ31. 1 31133. 63113, 3 3 331. 3 9 on. 13133, 13331333313
31333133133111331131 13 36131333313 313113. 16. Ρ31. 1 311
on. 6 13133, 13333333313 63313333116, 11131311 anche 3 31113-
1333313 313113. 1313311331 1131 1331333 331 3311331313 3113, 331
- dor 13333 316133333131311. Giovanni 63333313 111 11133333-
33 13 3311113113 3111333, 31 e 313133313 333 base 111 3133313
1113333 13113 13 due pezzi, 31131 331. 313133 1 331. 36 on,
333 33131333 1131 313113 31313133 113113 313133 che vi 333 sopra,
di 533. 1111313113333. 613316 31 3333 1131311 2 pezzi 111313
13 33113, quasi 3313133361 fregio, 13 333 (1313336113 333
mezzo 63313 3113 33311333 333 333113, 3 3311’3111333313333113-’
1331133113333111113333. 13 333313 occasione 31 sono 333
, 33113 113113 3313333 113333113 di 313333, 3113 determinano quel .
luogo essere 33 3331113, 13 mezzo 1131 33313 31 ὸ 33313113 33
31133 31116313 333 31133111333331311, 3113 3331333333 33 113313
313313 111 3136333111 3 333 3313133, tutto di 313333, 311 ancora
31 (11336311333313331 31133131 1113111313.

9Μ3133-Τ311313 3111313 1133311113 331 precedente 133
33113 sono 31313 1113333313 da Ι). 61313331 63333313.

 

