492 3333311313311 1331331313111 33333311

33 33 3333 33113 33313 3331331333, 3333313 3 33 poco 33113
331 3333 3 33113 13111133 ; 31133333 33331113113 13 3333333 33
3333 3313113 13 33311 33333 13 333113, 331333313 13313 divisa
1311313 33313 posteriore. Aitra 1331331 33133333 1133113133-
33 3 313313, 33333 3333 riceii 3333111 331 13333, 3113 33113-
. 3133311111 33113 1133113 3133 31133331131133313333111 33. 11 ’121
31333313 33313 313133 13113 13 33333113 33113 3333. 1333313
331331333 33’ 31331, 313113 11 membro virile 3333133333333
3113133333113313313. Seite 11333313 3ο3 13 13331, 33113 13 333]Ι ,
pezzi, 3133 marcenti delle 3113, 3113 333 31 3333311113 333311
33113 13313 331333333 33333313313313 3333133333333, 333 3333-
33 333 giusta 3333333133333113 13333313331331 331-3131133-
33 33 313331 33331 31 13333, 3113 31333 3331333333 essere dei
corpi‚ 3113 3333133333333 3113 3331131 1333133333 331313. Que— .
313 3113333133313 3333 prova di 3113313 31 3 333331133313 331
33333313 331 313333 31 333313 3333, 333333 31 1331133333 13
13313, 13 11333313, 331 31331 31 3133133 31 3331133 313133 , 3
’ 331311 vacuo del sito dove 333133 33333 11 33333. 113113 3133·
so sito 31 3 trovato 33 13313 331313 31 gesso, odi 33313113 31-
11313131333 1113333 3131313 31 verde, 3113 338111, 3 33113 331-
, 13 33313 superiore. Questa 113333 3 133113 1313333331313313.
11333333 31113333 muliebre di creta 3311333113 31313 3111133-
33, 3 133333313 3331331, di carattere 331313, 3113 331. 2111,
333 13 1333331313113, 3113 11333 33113 3113 333313, 33313 33
. 333113 33 331 pende 333 3133313 13313. Le 333131131333 31 333
13313, 3113 13333 33331333333 3113 3133331133113333. Una 13313
3133333 333 113333111 31311 33 33 333133, 3113 33. 5. 13333-
13 3333311 31 3331133 13313 31 33333 3113 33. 7, 3333333313
333 1133331113131133 33 333133, 311 333111 3333 133133311, 33
3 11313. 1133333313 3 333313 cose 313333 1333311 11 residi
1333333113,3331’3 13113 11 3333313331 3333311 31 3333 13333311
31113333, essendo gii altri 33111, 3 3333 33 1333133 311 313133-
tro 33. 111111 , 133 33333113 31 diametro on. 11, 33 31133 dion.
9113 133 13313 33113 33311 333 313 mandata 31 113333, 33333-
’ do le altre 33113, 3333313 33113 331. 2 3333. 2, di diametro
311311333333. 3, 33 31 33333 331. 1 3333. 3, 113133 3333-
= 3133113, 33333 333 33313113 3133333333 3333333313, 313
1333313 1333313 331331333 33331331333 31333 311333 331313 31
3331333113 , 333 333 331113 3 fiore di 1313 , 3113 33. 11111 ; 3
313133 3 333313 333 33331333 31 13333, 3113333 13113 131133
31 3 31333313 31 133333.

21133113-11311331313 313133 333333331 3313313 33313

 

