51 ’ 66666666666666666166666 nrsronn

(6666, 6166 666 1166 666 6166 66 16666 6661166166 66 6666
16 66616116, 6166 66 16666 666 16611 66 meno 666 166166 166-
166, 6 61 6166 66611666 66 61116 leon, 6666 rodilla de fign-
6166, 1616 16 661666 b bajo relieve. Α (666 6616166616 666

, 661166616161616 anriguo de 9011. y¹l2 66 quadro, 6 1 66-

16666 16 (66161 16 6666616166 (16 661166, 666 16 2 661. 16
66661666 666 2 66. bien 16166616 6 66666616616, 61661 (66
16 16 66161616 6 66. 16 lengneza 6 3 on. de grendeza 6166-
. 1616166, 6 16 3 on. de 611666 16616 1166611666 61661166 666
nn 6666 16 66166116 16 8 66. 16 longneze, 166. 61661666166
16 grendeza3 6166 corno nn purno 6616616 (16 566. 611, 16
diametro, 6 666 66. 611216 611666 6 16166616, 1616 16 qne
166 166616 61 11616116, 6166 1666161666616 greda.

' El die 15 66 16 6666616616 66 661666 (16 (6616116 gnar-
616166 16 666616, 6166 61616616 merel, 66 661666 16 esin-
66 666 666 ligurine 1 bajo relieve, y nn mascaron de 66616
1666666616, 6 6666616611616 11666616 idolo.

23 lulio - El 116 21 66 166 16666116616 61666 1666 6616-
66616 pavimento 16 666666666116666 6 negro: 61 66616 5
661. 6116 666 3 661. 6 9 66., 6166 165661. y90n. 6663 661.
6 9 66., 6 61 6166 16 1 661. 611, 66 (666166, 166 qne 666 bien
travajados en 61 medionon 1116666166 1616666. En 61 66166-
dicho (116 21 16 666116 66 66666666 1666 6616666 16 6661-
66661616 66666666, qne se dib 66616 61 116 1161666666616
mes: 61 6661611661. 6366. 6661 661. 6966, 6166 161
661. 6112 quadro, 661 6166 165 661. 6566. 6661 661. 69
66. Α 6666166 166616 16661166 66 termine de mermol zepe-
lazo 16 5 661. alte, anche 1 661., 6 grueso 8 on.; 6 666 16-
11616 66666661 6161666666 5 pedanos, qne 666166 666 3 661.
6 166. 611, 666 2 661.; como 16661166 166 166616 20 tejas
grandes de greda; ll 6666166, 611 conductos de 66616 16 2
661. 6 8 66. pernen.

El dia 22 6616 6661616 16 16666161661 pavimento gran-
de de 666666666, 61 qne 6616 21661. 666 12 661. 6 5 66.,Ι
116666 6 negre bien 16166616 16 (66166166 6661661166. Α (666
66 16 16666116616 6166 661666 16 (66666666 116666 6 negro-
666 6666166166 6 labores blancos 6 666666, elque 6611 66 61
(661166666666116, 6 66 666166 666166166 pedanos, qne se-
6166 16 1 661. 6112 6661 661. 611, 6616 ((66.1166 61 116 22
166 166616 16666166 11666 16 marmel 116666 16 616666 mese,
el nno 16 2 661. 16 6116, 66616 1 66., 6 grneso 3 on.; 6166
6666616616;661616616166116611669661666616666·

 

 

 

 

 

 

