126 13311111111111311311131111 3131311111

, 3131 13131313 13313133331113 1311113, que es 13 3 pal. y
Ι1131131 16 33. quadro, 1 sobre 131 dicho 131331131 33133
1333131133131313333111313113311131313 3313133; 1 33 han 33-
33311313 6 1313133 13 33313313 13 1131113 (133 33113133317 -
131. 1 9 33., 3331131131313 31113113 2 131. 13 33. 13113,
131113331 13 13 sobre dicha 133313 33 2 33. 311311 33. 31133-
13131313113133113. 1

11 1111313 - Se ha 11311313 31 1311333 33133 13 10 131. 31
131313113 13 1313113 1331333113 13 13313111.

211111313-83113 3331313131333311111 131331331111133-’
13 3313113 31 131331131 1 133313133133311313 13311131 33131-
31331113 13 13 Diana, yse han 3333311313 131311313 31331-
111 7 1333131333313 11313, quien 11 333 assa quien 11 133, 1
333 33333 3311311313, 13113333 13113 33113 3131113133133
131133ε11111111111 [Eoszh una 1313 13131133, 33 1133113,
3331333133113311333313 333313 1133 13133, 1 133 3313133
1313 1333131 333113, 1 33 1311133131; 3113313313331333 13-
133133 331113 331311311313113311333133, 111 12 3313133 1313
13313133, 1 3113 331313131313331 31 3331131133 11133133
333 333 313133 31 medio para suspedirlas‚ 1 333 1313111133
33331311133131; 3113313313331333 1113313 13 1131113313, 1
333 1313 33 13331133 1313133, 113 que 33 3333 11333 11 13133
333 133 3313133 1313 13331 31 333113, (133 13331313333 33311
13333333, 1 31131 313 3333, 131 3311313113. 1131113131 333
3333313131111313311331313313331113 11 333 3333, 1 33 3311-
1113113 113133 333 333, (1331 331313 11333 3313313113311111,
113 13311313113 ABEBIS. De hidrio 31333 3313133 15 133-
1133133. Α 1333 33 113 3333311313 333113331313 133131 (133
tiene 3311313 13 3311313131, 1 13 13 3113 13113 33133 333 331·
1333113.Ι 33313113 1 1313131133 AR, 3313133, 1 3113 33111113

313313.

31 1111313-113 31131311 33133133 131 331111 13313 3313-
ba 13133313 1 1111331131 33 perspectiva de 13 Diana, 1111131133
33133 13333133313, 33 han 3333311313 133 33333 3113133133.
Un 331333 grande 1 famoso (133 11313 131 131313 33131333, 33
13 1113133131 y tiene 31 diametro mayor 13 2 33. 1311113·
33113 1 33. 1111 , 1 113333 1 linea, 131 color del 1331333
3313113 1313133 1 1113333 3113113113, 1 31 131133 33 1133 1313
13113313313113 3333311313, 313 que 13 13113 311333 cosa: 13-
11333313 331113 33 33313313 11131133 333 131313 133113 13 331·-
1133131 113133, 13 modo 13 13311313 133311333 331133133
333 1113313333, 1133133 31 333113 de' 311113, (133 331311331-

 

