i 33 xin 3. 333. Α. 333333 in 1111 3. 333. n. 333333. 13

333313 necesaria para 333 31 31333133 2 33 31311 33 33131313-
333 3111 un 1333313, 3 33 3333 3333333313 13 311333 3313333,
33333 333 33 Ι33311333 3 3333333 3 33 transpono luogo 3331
13 columna, 3333 13 33333 333 13333 3111 3333333133.
631311 - Haviendo 31313 3333, 31 113333 333 33 331133-
333313 133133 33 Sanun, 13 33333 3333333133 33333333 33
13 313113333333131333 de 13 1133331333, observo quatro
33133333 33-333331 ὸ 3333 pilares rectangulares 33 33 331-
33 33 trente por 33313 33133 33 3333333, 313333 1 caras
33133 3333331333. 1133 3131333 columnas, 3313333313313
333 cs mayor, 13 otro 333 baja, 13 otta inferior, 313 333
333 3333333 13333 33 3333333133, 13 primeca 13 31 hasta
11 331333 3333331313 333 31 3331131, 333 113333 tres 33
31133 33133333333313313313 quarta 33 halla 33 Pontici,
4dondo 33 3333 3333 33 333 31333 33333 333313313333
33 clangor 3 quitor gran cantidad 33 3331113 333 333313-
ma 31 conterno 33 31133, dcvajo 4 331. 33 terreno 333 133
333133 33 31, 313331 33 precioso quitor igualmcnte. 1133
,3331133333 33331333333313 3313 333133 forma, hasta 333 .
33 33333 33 ,3333313313 133313333 3111 hubierc por aqncios
33313333 333 1333113333 1 33133333, 133 333133 33 333113-
333 31333333 3 31333 33 1313333333 133333 sitandan, 3333
ocho 331. distante 333 33 3133333331133313333, 33333333
sc 3333133313 nora 33133333 basse 3333331331 33133 31133333.
13 31133τῦ3 13 3333333133 3333333313 33333333, 33
3333333 3 sc condujcron 33 Pontici 3131310333 33 133 qoa-
133 columnas 4 pilares 33 marmot 33333313333, 33333 teugo
,3333 333313 3 V. Ε. Y 31 333 33 3113311333 tt pal. 311. 33
333 piena, 3 3333 11333 33 3331131 33333333, 333 33 13
33333 33 alto: 3 331 otro 31133, 333 11333 9 331, luogo 33 13
3333313333 33 Pontici, 4 33333 sc trajo, 33 33333333313313
11ξέ113θέ111111οέ113111131“3ῗῖ1111111113ῗὲ1ΐὲ
33 13311133 3333 133333 boses correspondientcs 4 133 2 rosc·
ridoo pilares, 333 3333 333 33 7 33. 31123113. Yon 31 333-
prio paraje 33 han descnhierto y 33 han 133333 1333133313
33133 3133 333 3333333 33333333 33 1333133333 33331333
barbas, 333 333 boenas 3 eston 33 33 3133133333 3 333
333 3131133333 marmot 33 3333313133 33 33 3333333 31313,
on 333 331333 333331313311333113333333133 rota, parto 33
la 3331 33 33133333 1333133313 333 333 333333 33 33131
haitada cn 31 proprio porajc: 3 13313133 otras 333 33333333

 

