3 3131313 rr. 133. nn xrn n. 331. 1. 333313. 25

3 5 333311133; 13 3 de 5 fiel. 3 1 r por 3 331. 33311333 333111-
1331333 , un 1133133 333 3333 33 medio, 3 31 333313333313
deque 3331333 3133333 113333 13 133 1 331. 313 333 2 331.
311, 33311333 33 33113 3333 33333133 celaveras junte 3 31;
13 5 33 21 33. 33 quadro 33311333 3331133333, 13333 33
muger 3133 33113313 333 313313, 3 13 313333 hernbre 333-
nudo, 333 33133 3113333333, 13313333 13 muger 33 hasten de
33333 33 13 mano derecha; 13 6 33 5 331. 3 “lt 3333 331. con-
11333 architectura 333 33 arbel 31333313 3 333 13 3333133,
33333 333333 3133333 113333 13 7 33 17 33. 333 933. 333-
11333 3333, 3133333 33113133, 5 33333133 figuras, 333 cahra
3 333 oveja3 13 8 33 8 33. 33 333333 33311333 3333; 139
33 3 331. 333 2 331. 311, 33311333 333 basijn de 313313, 333
333333 3313 11333 33 313333 3333, 3 333 tara 3333133333
133133 3333133, 133 333133 11331333 33 311333333 sobre 333 333-
3133; 13 10 33 8 331. 3 ¹12 333 3 331. 3112 centiene 333 113-
3113 33 313313, 33 13 3331 33 33333333 33333333, 33333, higen
3 333 rose, 3 suere de 3113 333 3333333 3313313, 33 31313331-
133, 333 3113 33 333, 3 1131331313 13331133 3133 33333 33333,
313313333 3333313333 33333333, 3 13333133 33 3333 muer-
1ο; 1311 33 2331. 3 33 333 2 331. 33311333 1333 33113133 113-

recides 3 333 333333, 3 11333 333 1333 33133333 33 33 333133-

33, 13 1 33 Ι12331. 33 quadro representa 33 mascaron.

11331333333 3333313333 13311133 31333 31333 1333333133 33
31313333 333333 entre el terrene, 333333333313331 primore
33 3333331113 31 3333333, 312333 113333, 313333 333333
113333, 31 1 3133 33333, 3 31 53133 113333 33333 1333333133
333 333 31333 33 333131, emanere de 33 13333313, 33 31333
3 un anille 13331133 33 333131, 333 311133 ha 3333313333, se
113 133333 133333133131.113313333333331333331131133333-
13333 3331133 31313333 331 3333333 333313, 33 33333 33333-
133 31 1313333 33 333131, come 13333133 demas 113313 3333 333-
113133333, ee 133333113333331133333 13 mismo, 3333133333
33331133, 333133 12 3313333 333133.

1313113 -Se 1333331333 33 23 31313333 33 133333 333-
3333313333313 13333 3333 333313 'a V. Ε., 13313333 33 31133
13313333333313333333 13333333133313331333333133333333
331333 31 tripode. Y ultimemente 33 133 3333331333 33 31
3333313 parere 333 13313333 33 33 mure 3131333 11 331. 3 9

en. 133333 8 331. 3113, 33 13 3331 hay 31333333 11333333 re· ,

Ρΐθθθῐὶίθθὶθῠθθ, y en 31133 33 hombre 333 11333 33 113313 33
flores eneime 13 3333133, 333 muger junto 31 13333113331333-
333. ι. ι

 

