130 1111111
61611 1111161 serpe. 1111111111 11111161111111111 1111111111,11111 io·

vante, 11111111111111116111111111 1111 11 111111 61 111 mm
111111, 611111 11 11 osso di 111111. 011111 1111111111111161, che 11-
1111111111111 1111111111 111111 11 61 1111111611 11111111,111116111
1116111111 1111.

Ν. 611. Ν1111 111111 11111111118111111111 1 1161111161, 611111
11111 1111111111 vicino 1111 1111, quanio siegue. 11111111111611111
1611 manico 1111116111, 611111. nei 11111111. 3, 1111 11 11111 11.
1, diam. simile. 1111111111 di 11111 1111111111111 111 due manichi 1111
111, 61111. 1111 bocca 11. 11, 1111111111. 3111, 111116111. 1 111,
1 tiene 1111111111111 1111111111111161.1111111111 111161111-
11 111 11 manico, merdinum, di 111 figura 6111111111 1111 11. 11,
diam. nei 11111111. 6111, 1111 11111111. 1 111, 11 111611111111111.
111 1111161 11111 61 1111111, 16 11 11111161 11111111 di 11111.

Ν. 66. Ν1111 111111 1111111111. si 1111 1111111 neila 1111111 due
1111111111, 1111111 1111111 monete di 11111111 111 11111111111111111
11 1111111111 111111111111111111, 61 diam. 1111. 6, 1 111111 miggine
1111161161111111.

Ν. 61. Α 61 19111111 1116. Si 1 trovato 111 1111111 1111 11. 3 111,
61111111. 11. 1111111 1 111111111111111, diam. 11. 8, 111. 11.
1111. 61111111 1111 11. 1111111111111, 61111. 11. 6111111111 ’
111161111111111111111; 161111111611111111. 1111, diam. on. 6,
111116111111.

Ν. 68. Ν11111111111111111111.5111111111 111 11111 61 1111111111
6111111 111 161111111111611111111. Um 11111. 111 111111116111111 1111
11111116111110161111111111111111. 1, diam. 11. 6. 11111 11-
11111111111111111111.1, diam. 11. 6111. 1111 1111111 111 mi iu·
11111111111111.1, 611111. 1116. 1111111111111111 16 11 1111111, 1111
11. 6111, diam. 11. 61111111 111111111111111116 11111111, 1111
11. 1161111. 11. 1. Velm. 1111111161 quadi-ndi 111111 1111, 1111
11. 6 111, 16 1111111111. 1111111111, 111111111. 8, 1111111. 7, 1 11
11111 2:11⁵ . 5 111, ωὲ11111 111 1111111111111111111 11111 manichi 1111
11. mm. 11. 1.

Ν. 611. Ν1111 111111 1111111111. 111 1111111. Due 1111111. 111 111-
1111 11111111. 11111111111111 11111. 1 11. 1, 111116111111. 1111111.
1111 6111111 6161111111111. 11 monem di 61111. 11. 1 1111111111.
111 111111111 111111161111. 11. 16, 1111 11111111. 111111 11. 1. Cro-
m. 111 1111116111611 manico, 111111. 11 min. 1. Um 11111 1 611
manichi 1111 11.3,61111.11.1,1111 11 1111111 11111. Ama 11111
11111 1111111611 1113, 61111. 111. 1111. ,11111 1111 11111 111111-
. 1111 1111 11. 1, diam. 111 1111111111, 1 1111116111111111111-
111111 1611 manico 1111 11. 11, 61111111611111111111111611 111-
11111 1111 11. 11, iiiam. on. 'i; questi 1111 11111 161 111611 quii&
Vm. 1111 1111111 111 111111111111 111111. 6, dium. 11. 1, 111 tm
11111111. 11111 due 1111111 111 11 11111 lungo, 1111 11. 8.

w Neiia 111111 1111111111. Si 1 1111111 della pagiia 111 111111

1111. , ,
8111Ν. ’11. A di 11 [11111117711111111111. ’111 monete, 111 iiam.
11. 1 min. 1, 11111111111161111. 11111111 111 11111111 111 11111
11 1116111 1111, 111111111111611111111. 111 111111 diam. 11 1.

 

