ιι 661 mu 6. 6666. An ιιι ιι. 666. ι. meu. 119

6666166661616 5 66. 6116 6662, 666 666661666 16 66666,
6 666666.

11836661166 - Se ba deseubriendo 1616 16 666166 sin 6166
66 6 .

11 0616166 - Se han 6666616616 166 cosas signientes: de
666161 666 66161116 161 66. 616, 16 diametro 6 ¹ 12 66. 16
6116; 166 6611166 16 666 1616661616 1 66. 611216 diametro,
616616616 1 66.; 616616 66666 666 66 66666 16 meta} de
1 66611216 116666166; 6616616166 16 166, 6616666616-
66166 asido 1 666 Have de 66666 16 5 66. 16666ς 16 66666
13 6616666 16116616, 61 66616366. 616, 6 1 66. 16116-
metro 666 2 6666666, 6166 61666 12162 66. 6166666166, 6
161 66. 611, 16 11666166 666 66 666666 6616 666; (16 66616
666 16661166 616666166166 6616666 16 6 66. 16 11666166
6 266. 16 611666; 666 pesa 163 666 'lt 6116 6 666666 ’62666
66 666116 16 3 66. 6116 6 2 66. 16 diametro 1 16 11666; 666
66166616 ὸ 66616616 11666616 166166 66666 base laborada 66-
61ι6 16 2 661. 6 3 66., 6 1 661. 6666666 1611666166; 166-
661666616 2 661. 6 2 66. 666 9 66. 16 grandem 66616616-
666 grandes de 2661. 611, 6661 661. 6 10 66. 66661666 16
616166 16 caserta 166 6616166 666 66 666666 6661 medie,
que 666661616616 116666 6616166616 666161 16 66161666, 16
8 66. 66 quadro 6616 666, 6 2 66. 6166666166 16 6666666
666 6666 16 10 rotulos 616, 6666 666616 66666 6666 16 3
661. 616, 6663 pal.. 66-116166161111616, 636666166 1166166.

21 0616166-86 166666616616 16 6166166166 16 66616 666
6666616169 66. 16 diametro 62 66. 6112 6116, 6666661666-
166616 566. 616, 16 1166661166 16 meta! 66 616 6 16 6 66.
largo, 6 6166 616166, 6 6611616616 1 66. 611216 diametro ;
16 6166116 66 huso laborado curioso 161 66. 61616666 6

66 66166116 16 1 66. 61121611666166, 6 16 66 61661616
6666 16 6666666, e 666 66616 66611666 66 66 6616 6 relieve
conterre, 6666166 6 16616666 666 666 66616616, 61616 6166
66616 hay 66166 161666 (hecho) 66ι66 666 (666616

ΛΙΕΙξῇΟΥ
0166 661666 deuna 66. 6166166616 16 diametro. 6666
66616 66611666 666 (666616 relieve 666661616 161 medio

6666616, 6 16 16 6166 66616 este 66 Δ (66 numero).
Se 6616 166661ιί6616 666 camare 6161616666 se 16611666-

 

