106 mmmmm 1311311111111 1113131131

11 33. 1311331133, pero 31 1333333 11133 1311331133, 333 1133
3311331133 que 33 33333333113133, 31113333 31 3113313133-
133313 113133 331333133 331 que 333 11333 3331313, 333333
3113 3311311113, 113113 quanto 33 1331333313 1111113113 1 133
1331 1133113, 1133 33333 1311133133 31131133311331333311333-
333113113 333 grapa 113133131 113 331133, 1 (133333313133 113
gueso 1133111133 333 3333133113 1331 33111 113 331113, 1 3 113-
113311331131313 33111113 113 comissa 113 6 33. 113313 9.; 31133
1133 3311331133 1131313 3311133, 11133 33113311133 3313331133
’ 113 3313331133, 133 33311333 3 (1333311111 13 13331133133 1 31
133 33 33.

1Υ9 111111-33 33333333331131133331111113311331333113313-
333113 133 131133 3313131133, 1113113313 1133113 333 gruta, se
113 311331313113 3 331131· 33 3333313313 333 133 133131133 113
331333 11133331 331313113, 1 31 31333 113 113113 333 33 pojo de
fabrica 311 13333113 1331333313113 13311331 blanco por 3111113,
1 333 113313 113 113113 1311113333 (133113; 1 33 3333333113113
33 3311333 de piperno rustico de 1 331. 1333. por 9 331
. 113333 5 33333 313113313113311113 no se conocen3 333 mesa
113 13311331 1331133 de 11 33. 3311, 1313333 5 33.; 33 33-
11333 113 3131133113 31133131 113 6 33. quadro 1 1 1113333 33

. pedazo (1313111113 113 113113 333 33 mascaron de 113131113 333

3331131133 3333113313 6 33. (11131113 33 331113113 113 313131113
13 33. 13113 1 8 33. (13111331311331311333.

· 26 1111111- Se 113 113333313113 3331311311313111133131133113
33133333113 1331 3311333, 1 31331113 de dicho 313113 3313
113 311131 31313113 333 1111133 1 31133 133131313333,1’1 331311-
133, 1 33 1331113333 por 13 3311311311113 133 3313133. Y 33 13
31333113113633133331133 33333113113313333313333113113113,.
31 333113 2 33113 33. 31133 3333313113333 131133 CMBA3
313113133331. 1333. 3333333331331331311331111, 131
3113 113 2 331. 1 3 33. 3 1133333331 31133 131133 113311 33
33313113 11313113 31133 3113133, 1 333 331313 11313113 1132
33118 33113 13313333 33 3 33113333, 33 medio gozne de 133·
131,12336331113311311331311313333,333113133.11131
31 3113113 3 33. 13113311 se 1133 633333131131313111331133113
quadros 113 31313133. El 31131313 113 3 3311 13 3311 331. 1111
33311333 3 (1331113133 1311331133, 33113 333 33333 1331113113·
313 1131331111 3331111331311133131133333133133311313311333
333311 33 131311313111333 113311 333 1333113 1333 1133113, 31
33333113 333 33 3331333113 33 3311313333, 1 31 1313313 11333
¹ 33 131333331333113111 33133113 1131 33113 3333 quadro con·

 

