0001110 , 121

’ 010011 diam. on. 7, 0110 min.8‚ 11000 11 manico 001. 110 10010 001-

1010 00110010, 001 10 0100010111010 11 qualche 00110; 000110 d 0110
00. 1111, 1111001. 00. 2. 110 0011011 0101001010 010 11 011011110110. ’
N. 11 0100000 2 chrodchario di 110010.

N. 10. Α 11 2 0000101771. Si 10οο 1101011 100101010111, di nno di
0111 0100000110 1010010, 001011010101010110010000 10100111010;1101·
00 0000011 11 1 1101010 001001000οε Ciaque 1000010 000 10110 circon-
1110 11 1011010, 001 11 diam. 00..1 110, 10110110 00110111 una 101110
0110101111οο0 000000010, 0 000 10 mano sinistra 00110 qualche 0000,
0000 S.G; 01110 01001010, 010 10 00000110 11 1010110010 0111000·
da all’impiedi; 101101111οω. 00. 1110, 010001101100100000 01 11-
010000100011011110010110. 6, cna 00110101010 11 pare 101 10110
sedente 000 S. C3 quinta 1111010. 1101110, cha non 01 110110010. Dua
010111011 110010 quadrata di 00. 2 ²1³ 10 0001101001110, 0010100010-
011 0011 11 qualche 00110. Un 01101101011011 10001. 00. 1110. 110 001-
10110 000 101 10000, 010 0010100000οο Tre 011000 delia 110011. 00.
11. Un 00110 11 011101ος 1111110 11111001000111 01110111 00010 10110 00
10000100010 000 00110 0011100110.

N. 11. Δ 11111 0100010 1771. Si 11101010 nna 00110 11110010, 000
10110000011000110. ·

11. 11. 111111 0110010 1771. si 11101010 000 001010110 000 000
0111010 1110110 100110 manc, 0 001101110 10010110 1010, 0101 000
10100 che termina 01 0001 01110111 10 10010 1100100011οε1 000010000-
00; 11 anodiam. 1 00. 1. Vicina 0000010 11 d 1101110 00 1010110 11
1010, 0 0. 88 0010101101000101111001.1010.100110.3110101101οΙΙο
101011110 minure, ma 000 diversa 10001000011010. nnn. 10 00001011
010 11 diam. min. 1 1101000101, 0 00010 come 1100000 1. 110 00 1010
vi d una 10110 circundata 10 1101111000, 0 1111101110 una 1101110 all'im·
01011000 010000010, 01000110 00110 10001 qualche 0000, 0110001110
ancha da 1101111000. 2. Con 10110 0110001110 di 1011010 10 110 1110,(101-
1011101101 figura 0111100101100000001010, 000 10 01000 101110 00110
000 11100010 0 00110 01110110 0οο 0001110, 0001001010 00 00000, an·
0110000 1101111000. 3. Tarta 10 00 1010 000 1101111000, 101 ’11110 100
figura nnn 000000010 0111001011, 010 10 ambo 10 mani porta qualche

. iairnrnanio, 00010 000 1101111000.1.Το010 da 1101010000 1001111000, 0 -

10110110 100 11001001111101011 con 001000010, 01 11101110 0110 accan-
da. 5. Due 10110 daun 1010 000 1101111000, 10110111001011001011110-
100 001 1011010 1111 100110, 0 0001101111000011111011. d. Una 10110
10 aa 10100οο 1001111010, 0 1101101110 00010111 nuda 0010010 aa quai-
010110οο0, 000 10 manc 101111 00111 qualche 0010, 0000 ia sinistra
1111111111111111111111111111111111111
00010 000 00110 0 10101100, 00010 000 110010101011111 dr 10 1010
000 1001111010, 0 1011101110 000 101100010010 10101100 dna circundata
da 1101111000, 0 10111100 1010 11000 00 10110 01 0101011110. 11 1000010
di 110010, 811 11011000. 1, 01 000 11 diam. 00. 11101100 00111, 0 0. 11
01000011110010. E 00 0011011011 1010 10111010110000 10 1000010.
N. 13. A 1111100110 1771. 110011000101101010100110000000 01-

cuna 10010 0010 10 11011110. Tra 10 0010000 01 1000 1101010 110 010·
0110,1;10101001011.1,1010110001.1,110101011. . η

 

