124 1661661161111611611111111 61616161

2661616666-66 el 61166161636116 16 111666116 16 116· ,
66 se 1166 6666611616166 66666 6136166166. De 1116161 66 6611-
161616 666 66 61611116 16 611166 66661616, 16 4 661. 6 9 66.
6116, 1616 1166666616 66616 66 611161 666 11666166 de oliva 1
66 pie, eutero y 6666, 6616616616 6136 661616116; 66 66666616
6611 16 6166636 661161616 16 6 66. 611116 diametro 6 2 66.
66661666161661616 616666666111616; 666 11616666 661 1166166
661616 161 661. 6 4 66. 16136, 6166166616111166 16116116
11616666 66666611166 16 466. 66661616166 (16 116616116; 66
mascaron de 2 66. 16 116166116 666 661666 representa 61661
666 166 66161166 1166166, 6166 66616661166166116161116 joben
66166666661116166661611666 661161616, 66136666 116661611-
tos de 66116 6636166 166 11616166 16 113616 16 61116116 bien
66666166166, 61 666162666111611661 66. 611, 16 1161116-
116, 6 61 6116 6661616616, 6 61 666 6611666 16 11616 6666166-
1166666 6666611161166 666616166, 6 66 fundo 166166616; 666
661161616163611. 611166 quadro mal conserbada, 6116 661-
16161616 6611666161 6666616616 666 66 1116611616 166166616,
666 661616 7 66. 6112 16136 6666616616 666 61 666, 116611-

666166 661166661661661 166 661161616611666666 6616166166, .

61166666 66666116 (66 se 61 es pesa ὸ 3661616166), 166 616-

1166, 6666116 6616611166, 6 26611166 161 66. 16 diametro, 16 ‚

1616616161 666116666161116. De hidrio una 61116 66666116
que se 11666 61 66611666 116166 66316 66616 661616 666 66611-
16, 6 66 66161; 1661661111166166 16 1166 16666. 6111611666-
1616 6 1 on. 16 diametro 116 11666, 6 16 6116163 66. 61166
1 66. 16 diametro 116116661οῑ6; 666 1666 661616 16 3 66.
61166 4 66. 16 diametro 1 1611666 quatro 36116166, 16666
16 6 66. 61166 5 66. 16 1161116116 1 16 66666 6666616166 6
2 66. 16 1161116116 11611666, 6611666 66 666616661616, 66
116116 6616166 6611166161; 6116 16 7 66. 61166 4 6616116-
metro 1 16 661166, 6 1 66. 611211611666,666661616;611616 6
66. 6112 6116 6 1 66. 16 1161116116 1 16 66666 6 1 66. 61111
1611666; 611616 466. 61166 26616 diametro 1 16 66666 ,
61 66. 6161611666, 66611161611666666,161616111116116
31616 166 661666666 0 16666 6616166, 16 666 168 66. 611116
1166161166 3 66. 6116, 616 6116 6661616616, 6116 1666 666 16 4
66. 16 1161661166 2 66. 6116 6 661616;666 1666166 16 4 66. 16
1161116116 661616 11661616166, 16 66616 7 66. 16136 661· 2 66. ”
666116, que 611116 6616116661 1666666661611116661161161116666·
166 666 661666 61 sol 666 166 661611661166166,11166 661166616·
borada3 611616 666661 3 que servia 6616 166616666616 66-

 

