102 mmmm 1666666166( 6616661

1766

616666 -- Se 16 666616616 16 1666611616 1616 16 6661666
161 pavimento laborado 16 66666666, 6 61666 666616 24
661. 64161666661616661. 6 366. 666116ς 666 66611666
61 1666666 66 6166 camara ’6 1666666666 16 666166, 16666 6611
immediata 16616 se 6666666666 166 (6666166 16 666 ,6 66
166 661116 (1666611616 1166666161 pavimento de (66666666

anco.

12 116666 - 86166666661661666611616 666 6611666 16
(66666666 blanco 6 aegro (666 curioso, 6166666 66 661161 666
616616 6116, 6161 pavimento que 11 66616 6 V. S. se 116616
16666616616166661666 6666616, 6166661166 166 6666116616
16 66616616 66 4 6616666, 666 16 8 pal. 6 11 on. 666 2 661..
6166 16 9 661. 62 66666 5 661. 6116 ,6166 16 4 661. 666 9
661. 69666116, 6616166161266161166663 6616966.;
61661661666 6661616 66661 661166 161 66661166 61 6166 6661-
mento de [66666666 (666 666 16666616616 66166616616616616,
se ha 6661616 6616616666 611 16 4661. 611 on. 6663 661.

966.,612165 61..63661.6661661.6366.,61316
1661. 6661 661. 6 &on.‚ 61416 6661. 62 666663 661. ,
61 6 16 6 661. 6662661. 6116 , 61616 4 661. 62 66. 6663
661. 6366, 6611168 661. 63 on. 6664661. 63 on.‚ los
que han 166616 6 6666166616 6166116116 (16 1166661.

19 Enero -· Se prosigue 61 1666616 666166166 1661166116-
616666,,616 6166 6666161.

26 116666 -1166166166116 D. 66611161616661 6 66666666
166 61616666 66611666616616666666 16116666616,666 166166
6611666616 6116666666 66 11666666, 16 666 16 10 661. 6 8 66.
666 1 661. 611, , 6 66611666 un 661161666616616616, 6 16
6666616 16 3 661. 6661 661. 641, que contione un grillo 6
6166666666666 6 6666616 blanco 6 66666; 616166 6 616-
16666 ha 116666616 se corten tres: 16 66166666 16 1 661. qua-
166 66611666 66 666616, 1666661616 16616166 161 6616116166
66611666 66 caballo grifone, 6 16166666616 11 66. 66 qua-
16666611666 666 6611666 16 mascaron curiosa, las que se han
6661616 666 61 1666616666661. 11661166 16666616616 166
1616616 61616666 1666161666 16 6 661. 611, 6661 661. 6 566.
que representa 666 666616 666 1616 6 columnas 6666116166
(16 666611661666 666 66 661161 curioso srasqueado 6 166 6166-

 

