430 103111101111111111011111111 1113101111

3331311133 00111310, 3 33 5 00. 3110, 3 003 0310013113 1110131
dos 1110031133 1031 000301131133,6 301033οη3 3111131133 3130003
303110031133011331130110, 00 013110, 00 33110 10013130 31 00.
3011110000 33133 101133, 11111111111111111, 3 3031013 (1311110110
33110101103 00 301110 313133003131 dedo 3 33133 131133 FEL1X;
dos pozonetes 33003 3 1101103 113 103131 1113000, 3 133 3333 jalo,

3103131331103310131130110; 003 13001313 0103 113113 de 100131
00110110 jalo.

31 110110 - Sin 313003 0011311311. .

1 Aere-En 13 10333113 110 11303 30 00303103131010312
passos distante de 13 Diana, 1 131101131 jardin de 133 0010033
10133, 30 1130 110300113110 dos quadros de pinturas.El 000 de
1 pal. 3 800. por 2 pal. y¹12 , representa 13013113 muger
13311113 000 013010 3 103 03131103 0331103 113 13313113 113 31133,
113330330031311331131 000 00313013 sobre de hombre besti-
dooon 103010 3 3010111310 3130113 113 0311313, haslon 113103-
00113130113, 3 3300110 30131130131113. Α 0133 00 31333013 000
311101, 00310113, 3 sobre 13 1110113 10113 0001301313311113
000 1031110 31133100 1 13 10300 110130113,,31101133”0 de 1310110
33130 3031101331331131100111133 1133111103, 101103 1303110 313-
0311031 0030031113, 00001133 1 130133 30 31 000101·οο 113
01133, 311013013 0113 figura 13311113, 11333033 01133 13031101-
311133000103010 que 31313130 1110103, 3113331033 0113 13013
(1311010111οοοο 103010 1303 parere ser 30 31 3313. Despues
30 observa 00100 003 31103113 de 11001111331133111103, 3 03-
da 000 000 3013013, 3 3103300033003111001130313113113
00100 30111333 de aquel 313331 0010113111 13 10110. ΕΙ 0110 de
1 3131. 38 00. 31013 3131. representa 1133 310131133 11011010-
111331103111103 00100 1303 331130 sobre un pays, 31131301033130
dos 130133 1103111133 000 013010, 1303 31313130 venir 1 00000-
1131133. Despues 01133 dos figuras 1133111133 000 1133100 sobre
el 003110, 3113331033 0113 13013 113300113 000 31011311 13103-
00 113130113, 330 13 1130131113 11303 por 10303131103 003 03-
11313 de hombre‚ 3 311330 de 13 cahere el 10330. Es 3130 000-
30101110 1131 1311300, 3 01 fondo 3101, 3 3130003 31110103.

Α 0133 se 1130 30000113110 dos 33113103113 010, 000 de 2
00. 1131113103110 30 dos pedazos 110111030οο 00 31000 de hilo
de 010 3 003 313113 30 31 1031110, 0110 00010 000 301110 de 1
00. de 1113103110, 3 archo· 1 3 5 partes de on. De 103131 dos
031113103, 0031313013 000 303 3113111103 3 3011103 31313 suspen-
dirla, dos 3131303133313333, 003 10003113 0131 00033113113, 00
310010, 3 00 pedam de 3110110 31130110, 003 0133111313 00030

 

