1111111113. 3311. 11111. 331. 1. 11333113. 111

13 ultima 13 3113 1 311. 3 31131 on. 311133311331133313313·
313 13 1333 313313 113313 13 3131333113. 1133113 33313 31 13113
33 13 133133 lamias, 3 33 esta quitando.

1 03131133-1133131133131333133 ha 3333311313 31 113 28
1331313313. 113333113113 31311331 blanco srasqueado 11 133
quatro caras, 3113 10 33. 3 ¹12, 13 313313139 33., 3 6 31313
313333 333 vase 1313313 13 3313 331133313 10 33. 13113-
133113,3233.133133313; 133 31133 13 1333 13 alabastro
oriental, 3133313 on. 3113 3 31 3113 133. 3113 133 33113-
1331311113 con sus assas 131033. 31133; 133 1331133 13
3131313333. 31133333 3131133 131133 313133 13 333; 333
311311313 33113 133131333313111313313 33333 13331133 313-
13311133 33313 jabon 1113333; 58 11333311113313 33333, 31313-
1333313 33113 33313331133 333 3113113; 33 3133313331311131-
13 3331113; ocho pesas 13 311311313 11333113 33 1331113133
degrada 333 133 assas. Α 3133 31333 31313333 13 1113131311
333131313 3311333 13133. 3113331333, 3131 33. 13
ganeam 3113 33131313 11333131331313 5311. 31, quadro, 31
ο3.13313333;311313 3111333313 7 311. 31113131· 6 33. 3 1,,
311313 africano 13 6 33. (3331133 3 31 311313 3111333313 5
11·1111111111,1113311111111111 1111
(33311333133311333 quatro 31331133 a modo (13 333333, 31333
13 8 33. 13133 3 3 on. 3331131133 19 3131133 1331113, 3113 33-
1111111111111111111111
11133 131113133; 31333 3311313133, 33313 633. (333113 333 7
clabos labrados‚ 3113133. 3111 333 33 liquata 3 1 clabos
lahrndos, 3113 131133. quadro 333 33 mapa 3 331331113 3
liquata, 3311313 633. 3131 133. 311, 33 31131133 13 1113-
131, 33 liquata, 133 3133133 13 3133113, 3 3333 3311133131113-
1331 333 333 133 3313331133, 3113 333 (333113, 3 133 31133 333
333; 1331311313313 133131, 3 31133133313131333 133 3131133
131113133 333 13 cabaza 313333; 333 33313313 13 331131313;
133 1331133 333133313333 3 3113 3131331113 331313313; 133
3313313 133 11333133 331113333133 33 313113, 3 333 31133113,
131313313131.

Adamas 33 3131313 13 133133 31131313 13 1311133311,
por 2 3131. 3 3 33.; 3 11 3313311133 13 1313131113 133133,
quien 13 33 3131313, 3 quien 13 133113 3131133, (33133133ῐί3- -
33 33 311131, (33133333 cabaza 13 133331, (33133 333 31331313
con 313313313133,(33133113 mascaron 3311 3331113333 13 aa·

 

