1101111111. 111. 1. 0000010111. nov. 0. 11000111. 11

001010 00 mascaron con 110100, 10 5 0 6110110000 ὸ 1010, 107

000 10000, 0 10 8 0000, 010 1000 0100001000010 11000 0110 00·

veffgdfflm — Se 1100 11011000 21 010100 00 1110101.
19 8011010010 - 110 ί0011101011 Weber haverse 11011000 000
0000000 00 100000οο0 301000 00 3 001. 001 2, 00 00000 00

010010, 110010100000 00 10011110 00001000010000 01 110010, 37
pedazos de 01010101, 13 01010100 00 1 001, 0100000110 ⁴l2 ha-
, 010 2 que 10010000100 delfines, 0000010000, 0001100, 0000100,Ι
““11“1ἰο1111“ῗ11110111011“110 0111013110
0 101100 que 110110 00 10 1100001000, 001 01 motivo que 100-
0 0110010011000 00 00 110 0000011000 0111 00000 0001000101.

1131

9 Νο111001010-111011000 001 10 10011000 00011000 00110 0011
1111000110 (100010 (flegun el 1010010 010 110 110111000 0 00011,
00 10 110 0101100100 00 01000 00 S. M. 01 0010111010. 001101-
0001101010)οΙ 001000 00 10 011110, 0000001010110 0010 11000-
01000, 010 10000000100010111100 0011000000 110 0100101000
0111 0 1000000111οθ, 00000 0000011110 que 00 110110 000 100011-
001οο 00 01011001 00000 0100 haze, 10 qual 110 visto 00 10111-
οἱ’0 10001110101111000111’1011011101
1011000 01100110 00 0001, 0111100100 00 001111 0010 01011000
000 011000110000010 0010 100000001100 001130000000 0
1001010100 000000101100, 0000000010 10001 10 1100101ἰο 001 10-
01110, 110 10011100 10 01000 00 V. E. 00 0010 00 0001 101011100
001110 0111110010 asumpto: 0 0000000 00 110001 0011010000 3
operarios 00 1100100 000 00 0000101, 00 110 0001100000 0 00-
00011111 1000 1 000010100, que 0010 que 110110 00001000 0 011-
00110100.

111000 00 01100 00001010 00 0001101000 0001011000οο0100
de 8 0010100 00 quadro, la qual 0000000 00 01110110 110 visto
que 00 0110 1100100 110 0100 00001000, 01100110 00 00110 0
110001 00 110110, 00 10 qual 0000 existe 01 110 000100 00000-
110000110 quo 0001000110 00 010110 000 00 00000110 0100 00
100111100 y 0100100, 1000100010 110 01001000000100 00 0110
1101000, 0 00100000ᾳο0οοἰο 00011 00 01 00 1000000110οο.

1100 100 01100000000110 considerando 0010100· intactos,

 

