1313111111. 331. nn 11111. 131. 11133311. 121

331313 13 33 131131331313311331 1313 anigno, (133131113-
senta 33 1313113 11313 1311313, 1 133331311331 13 331313;
13 133131 3313113333311333313 9 on. 31131 3 33. 33331-
333 13 diametro 1 13 1333333 33 assa 3311313131 31313 13 13
11313 assa 131313 33 mascaron con 131333 3113113; 133 goz·
nes de 3 33. 1111 11312 on. 33331333 333133 133 (1313133 13 2
33. 31331313133 3113312 33. 3133131313313113133113; 133
1111131133 13 2 33. 1112 31331313133 (1331133; 333 331113 1313-
1313 333 33 33113 13 1 33. 111113 113133113; 3113 3311111111
, (133113 1313333 13313133 (13 313133 (13313131 31133 quatro
1313311133; 333 1333313 (133 poco 33 333333 (131 33. 1113 13
1113133113; 1333 313131113 algo 1313 13 7 on. 3113110 33. de
diametro 113 1333; 333 1311313 13113131 1131. 11 on. y¹l2
11311 1131.; 13 gredo 1133 313313 333 33 asnede 633. 31131
1 33. 13 diametro 113 1333; 13333131131313 ’13313113-
31311ο; (1333111313 ὸ 3333113131 13313 1 1311111313 333 1133
111333131311313 3311333, 333 33 133113 13313 3331133 13
muger 1331113 333 133313, qne 13 333 13313 13 331313; 3113
33131113 13 muger separada.

8 Nooiembre -- Se 13 continuando 13 3333133133 33 13 313-
33113 1311311333133331113313 13 311113 33 11313313 133133
31113133113313 13 3313113333 133 1131311311333313 133133-
sos 33 13 1333311313 11333.

9 Ν331311113 -nn 13 13333113 13 1311333 33 13 33333113-
'do 33 33311113 11131131 1313113 como 333 3311313, 33331131-
1133131, 333 13 manega 13 13333, 113 33113111 11313133 33 ro
13 33 133 11313133; 3131333333 3113131313 31313313 13131-
33, 1111313 33311113 331313 33 3 pedanos, entendiendose 13
311313131311313131131313,(133 33113113313311 pal. 1 ¹12,

33333 o.

y Y 31 113 8 131331133 3313133 13113113333131331333333313
31333113 1311333 1333113 333 ripa, 133 133 3333311313
331133 33 113113133111311313313 331333 yronica: 311111313-
ro de 7 on. 33 (133113, que representa 333 113113 13 331333 .
113333 33 1311313 sobre 13 133133 11133 3333311313, 131
1331313 33 (13 33131 13 113113-33313; 31 segnndo 1313333 pe-
(13133, 1313113313 1 33. 33 (133113, representa (13311113 1
333 1131133113 figure sobre 133113333 3113313 1313113313
113113-33313; 1 13133 333 33113113 (13111113.

15 Ν3313111113-Ε3 13 31333113 131311333 se 133 3331313
13 133331111133 1133 camaras, 133311313313 31 11311313 ade
13313 33 31 1313133 loger, 3313 111331113131133331111 33

rou. 1.

 

