168 3333333333 3333333333 31333313

13 31333333. Ma non si ὲ 331313 (11 questo edificio formare
una giusta idea, 331333 che si (1133113331 333 33313 (33331333.
8113333133 (1133333313 3331133 33331333 (113133333 (1131313,
13333 331. 11 ed 3113 12, 3133 33333333 13 (113333131333 (11
333113 (133331113 331 33333313 dei 16 1311113313 (11 questo 333-
33313 3333. 033313 331133313, 3133111333 adornato (13 33 333-
besee come quello, ha dei Pigmei‚ che variamente seherza-
33333 313331 animali. 11 1333313313 3313 36133333333 313113
333 31333311331, ed il restante 13 eampo rosso viene 333313,
(1133313131133333311333133, 3 (13 333131 13133331 (11 3333333111
31331331 331 mezzo vi 33313333 figura vestita di 333313 3
333 333333, 13 quale ha 13 13313 (11 3333. 8333113 questa pit·
1333 a 13333333 1333313 (1313331113.

13 ,133113-11331133336331 3 3331333 331 (13113 3331113, 313
1333313 33331333 (113133333 333131313333 331. 1 ed 33. 5,
ed 3113 33. 10 33113 13 5 pezzi, che 13 33 31333613 333333-
senta 133 11333113 333 3133113, 33 313313313 (11 33113, ed 33 ba-
31333 pastorale. 1131313. (133331 31 3333 13311313 (131 muro 9
pezzi (113133333 (1131313, (1333 (11 essere 31311 (113333311 (13
D. (1133333163333333. 11331 3333 33333 seguono. 1. Di 331.
13933. (11 1333633333 (11 9 331. (1131133331, 33311333 333
33331333 (11 133313, 333 33 33313333 13 eampo 3333; 3333-
31311311333 333113333 che pose sopra 33 31333133 dov'e 33 333-
333313, 11 quale 313 333313 ad 33 31311313113, 3133 13333133
3333 33311333 333 3333313333. 131333133313 333331333131131
1333, 33333 11 eampo rosso, sta 333 6333133113 333 varj ramo·
33311131331333131. 2. 1119 331. 3 6 33. 3113, 3 1 331. 13333,
13 13113 simile 31133133313313. 3. Di 9 331. ed 33. 63113, 3
3331. 13333, 33333333313 3331133 3331311311333 333113333, che
3333 sopra 333 veduta di 33333, dove 31333331333 due navi
3 311( ordini di remi, 333 (13113 quali tiene 13 vela quadrata.
4. 111331. 1 13 quadro 33333333313 33 animale 31313 13 campo

= rosso. 5. e 6. eiasouno di pal. 1 13 quadro 3331333333 333-

3131 13 campo 3333313 8. 11111331. 2 3 1333131 331. ⁷: 333
111111111111111111111 111 9299925999

13111 ancoradue 31131 33331 (113133333ε 1. Di 1 331. 13 qua·
dre, che 33311333 33 3333333113 2. 13333 6 33. ed alto 331.
2, 33311333 33 333313.

21 31313-1131 3331113 31 e 33313313 33 31133 13133333 di·
31313, 3333133361333113 che 31333363 11 3331113 (33(1331333.
Esse (113333 331. 8 331 33. 9 313113 331 8., 3313331133 333-

 

