448 »omnum 3333333433 3333333

, 33433333 6133334313 431 3343 44333433 34 33. 343, 43 433-
4343, 33 vaso de 8 on. 3143 3 3 33. 43 44333433 3 13 3333,
3433 vaso 43 8 33. 3443 3143 3 5 33. 43 diametro 3 13 hoca ;
43 33343333 33333343 4333 3333 333333 43 3 33. 43 44333-
433 3 2 43 4334343, 33 43333 3 333 3333 43 9 33. 3143, 3 5
y¹l2 de diametro 3 13 boca; un 3331333443 44333 333 3333 la·
borado de 43333 43 3 33. 344, 3143, 3333. 43 diametro, 333
1333333 343 33333 algo rota 3 13 hoca, 3 33 cupido 333 3133
33 3133443, 3333 13 3333 43333413 44333 3333 333 pina 43
uba de 3 33. 43 44333433, 333 33433343 6334333 bacun ’33-
33 33 33343343 43333343 43 43333 333 3343433 43 26 33. 3
¹12 largo 3 9 33. 43 44333433, 33 33331 43 2 pal. 3 46 33.
largo, 43 9 33. 333343 3 6 33. 43 4334343, J es copo de
techo; dos tejas de 30 on. por 22 ; 33 333343 3 4 33. 3143
3 2 on. 43 44333433 43 33434 4333 3333433,133433 43 333
33. 43 44333433 333 3343333 43 3333333433 3 3133333 134333
333 poco 33 3333333, 43 43 3433 parte tiene 33433 434333 333
bien se conozen: 1411113310ῐί631163143116118111611111;
43 3333343 333333343 333 poco 33 333333 un clabo 43433.
3 3433 43 6 33., 3 33 1433343.

Α 333 degrada, 333313333343 3333343, 33 33 3333343343
33 333343 432 333 ¹12 3443 3 23343 44333433 3 43 hoca, 33
63333343 432 333 ¹12 3143, 34 33. 43 diametro, 2 33433 ὸ se·
chos 334433 333 333 3333 34 33443 43 533. por 5 33. 43 443-
3343343 33133 43 31333 333433 pesas 43 5 3 43 4 33. 31433
por 2, 433 43333 ὸ platos como hucaros, 333 43 2 33. 3143 3
833. 343, 43 44333433, 3 43 3433 434 33. 3432 3143, 3 6 33.
43 44333433 ; 33 13434113 43933. por 7 33. y¹12con 33433
134333 LVGlLl; 33 334333 43 vaso de bucaro 43 7 33. 3443
1313333433 3314333 43 43333 43 4333333 3 413333, 3 33 333443
3333133 4333343, 3333 433 433 33333 44333 33 33433 , 3
3333343 34 33 33343343 333 33433134333 PooARFll, 3 34333 ·
3 3334334433 43 43 34333 43333, 33 vaso 3343 33 3331333 pe-
43333431 33. 34], 3143 3 7 33. 43 44333433, blanco 43 433·
433, 3 43333 33334113, 3 13333343 4343333333 413333 43 33143-
143333 333 3433133 43 gaeso unespingulon 43433. 3433, 3
3333 parte 43333 333 3333 33343434 3333331 43333 333
3333343 43 hidrio de 633. 344, 3143, 3 4 33. 3 13 33333 3 4
33. 3 ¹12 43 diametro 313 hoca. Amas seban 3333343343 43
3343333 43 413343 43 gaeso, 31 333433. 3143, 133 3 43 2 33.
y'lz. 3 133 9 4333343 2 33. por 2 33. 33333333 43 44333-
433; 33 pi& pequefio 43 1333 43 34333 43 2 33. 3143,, 3 333

 

