91 1611611616( 1116611111 6161661(

16, 1611616361. 61611616 5 61. 16136, 31 311, 6116 661
116 cabaza 16 mascaron cnsimaz 6116161 61. 616116, 16 5
61. 16136, 3 2 61. 6116;611616 361. 61611636166616116, 16
5 61. 16136, 3 1 313, 6116; 3166 61166 166 6616361166. Una
161616 31616169 61. 6161636116161161161163 1 311, 16
6116; una 66666116 66166666 16 261. 16 diametro, 31 311,
16 6116 ; 61 vaso (16 31616 a 2 66666161 661. 3 2 61. 6116,
3 (16 6 61. 16 diametro 1 1611666 ; 1166131616 36116 ; nn
61111616 match 616 sartan 16661116 161 6116 11116, de?
61616116, 3161 66131 6116131, 661 116163616 11 61.
16136. Y de 1661 61116166 qus 163 66116 66 han descobier·'
11, 6666116161 5, yles otras 2 a 116116, 6631116116616616
Padorni: 16616616 1 661. 3136 61 quadro, 6116 161661. 3
961. 6612 661, 611616 266131061. 6611661, 3166116
161661. 6611 66131061.

28 Aona-Se 66111116 61 1161636 61 16 11666116 16 11666 3
a 16 661116 que mira 61 cammino 16613 61 116 261161 116316
166 1 picturas 66116166 661 61361611606161116 quedl 616116
6116 semana precedente. Adamas 66 han descobierto otras
2 61116166, 16 6111161616 5661. 32 on. 6616 661. 31 61.,
que contione 1166 6161166 16 6166116611162 columnae, fajas,

266166116166 661 2 vasca, 3116611616 1161616111166;
16 6631116 162 661. 32 61. 6611 661. 31 61. 66111616 tres
figuras, 16 616 16 11 616116 bestido con 6166 3 1111661613
1616116 11 pequer'ro animal sobre 11 661661161, 6116616116 ,
11661116 3 661 166166 mancatione 11 cscudo ‚ 3 61 medio
nna 13616 16 hombre bestido, que pareze 16 un guarnero,
3 11616 61 1611616 derecha 116 666616 61 6616 16 116161
gna orama} figura3 adamas 66 ha 116316 11611616 16166116
6 me .

511636 -- Se han 6611616 por 61 jovan 16 Canart 166166
picturas que {dr 616116 16 semona 666616 , 3 se han 116316
61116 3 111 661116116. 1166 ha empezado a'descubrir 116
sajo 16 116366366 blanco 316316 162 661. 616116, 3 116616
10 661. 16 16131666, 3 613161616116.1116661116 1 se han
16661116116 otras 1 61111166, 16 116161 661. 6612661616
66111616 116 611616 16 6666116 661 11 116611 1 161161616·
1661163 61 16 izquierda 116 6611666616 3166 delfines, 6116
162 661. 31], 6612 661316 66111616 11 mascaron con 661-
11611661 166 orejas; 3 otras dos 661116161 11 mascaron 661
1616 113616 616116, yson 6666 boenas.

12 11636 -— El dia 8 66 han 6611616 661 61161161 16 Ca-

 

