121 ’ 1111111

11. 11. Δ dt 2'5 111111 1771. 81 sono 1111111 l 11111 11 bromo, 111
1111111111 11 1111111111111111111111111 111111 terra, 11111 111111 11
’11111111 1111111111 11111111, 1111 11111 11111111 non 11 distinguunt),
due di 1111111 (111111. ,11. 1 1111 1111111111111. nin. 1. 111 11111111
dt 1111111111111111111 1111111. 1111 11111111 11111 di corallo 1111111.

11. 11. A 11 9 agusto 1771. 0111111 1111111111 1111 tutto 1111111111
111111 11111111111111111, 1111 11 1111111 111111 11 111111 111111 11
111111111111 11 era 111 11111111, mr 111 111111 1111111111111 111
stato 11111111 1111111111 11 1111111111 111111111111111111111111-
tro 1 1111111111 11 111111111111111111111111. 1111 nem ri 111 una
1111111111 1111111111 11 murno 1 111 11111111. 1111 1111 11 111111 11·
11111111 11 11111111111111111,111111111111 111. t 111 11. 3, 1 111 1111

’ 1111111111111Ι.(1111111. ·

11. 11. Adi 18 agusto 1771. 81 11111 1111111. mxu. 11111 1111111 “
ti 111. 1111 quadro, 111 un 1111111111111111111 11111 1111 111. 2,
di 11111. 1111111. 11111 111111111111111111 111 1111111111. nur 11111 11-
111111· 1111 11111111, burani 111 tre 1111111111 1111 1111111 per 111111 mug-
giore on. 1, e per 11 minore on. 2, e 1111111 1111111111 11 rna 1111·
sutura.

N. 17. Δ 1111111111 1771. 81 ὲ trovato 1111 11111111111111111, 111
1111111111111111111111111111111, 11111111111111 porta, 11 111. 811
gadra. Ε 81111111111 111 1111111111 111 bromo 11111111 111111, 11

mmo 0111 2·

N. 11.11111111111111111111111111111111111 1111111-
tr 111 uro 11 porta, 111 t 11111 111 due 1111111 1 111 11 terra di quella
1111111111 11 sono 1111111 dur 1111111 111 11111111 (1111111. 11111 1111111,
11. 111111111111111 111111 111111 11111 1111111111 11 1111111111, 1
1111 1111 1111111 S· C; t'attrr 111 11 distingue per 1111111111.

11. 19. 1111911111 1771. 81 11111111111 tre tmgetloni 11 eret!
(111111111111111, 1 tutti 1 dne 1111111111, 1111111111111 111 gnta.
111111111111111111111111111 11 t 1111111 11 1111111111 111 11111, 1111
on· 1 11 , lunga 111. 1. Uno 1111111111 11 111111. 11. 2 Ι111111 terro nd
1111 1111111. Un 111111111 11. 8, diam. 11111111 11111111 11111111.

N. 11. 1111111 11111111111111 staura 111 particulari, 1 1111111111
essem 11111 1111111111 i 1111111.

11. 111111111111111111 1771. 0111111 111111 tiene 11111111111111
1111111111 11111111 111 11111 111111 di 1111111111 1111 che 11 1111111111,
11111 1111111111· 111111111111111111111 11111111 1111111 11 quelle 1111111
11111 111111 111111. 111111 1111111111 1111111Ι 1111111111 1111111111 1
ἻἚἽῃέἕὲᾞῗιηῆἶοὸῗῶἷ ffrfflt'ffim 11 111-
11111 1111 11111111 nera. 111 111111111111111 11111 1111 rarii qur·
1111111111;111111111111111; 111111 1111111 1111 1111111111 11111 1
botta 111111 porta 111111111111111 11 1111111111 1111111 111 1111111111-
11111111,11111111111111 11111 11111111ιά111, 11111111 11111 1111111
111111 porta. 111111 11111111111111 11111111111,1111 on. 1, 11111. 11-
mila 1111111 1111111.

11. 111 Δ 11 11 settembre 1771. 81 1 trovato. 11111111. Ν. 31 11111
dt 11111111111111113 11111 11111111111111111111111 1111 11111111. Um
1111111111 diam. 11. 1. NB 11111 per 111 1111111111 1111111111111,

 

