3333. ιιιίιι 3. (33. 33 ιι 3. 3333. 3. 333333. 1ῑί

3133313333 11 poco 3133 31111(1311333331331333333333, 13 3113
33333 che 331133133313 3311131333 possa eseguirsi. .

18 1131133113 ’- Ν3113 333331333 333333 3311133333 31 1 1333
3313 333 13113 13 gente 3 133333 13 13333 (13113 33313 (11 331133-
trione della 3333, 333 si 13331 13 33333 (11 1333333, e 3331
31313 possibile 3331311333 33113333131333333311313333,333·
3131333313 (1333311313, (11 3313331313333333 1’ 31133 3333 3113
33313 (11 (13113 3333.

25 1313133313- Si 1 1333313313 di 3 33333113331311113,3113

· 3331333 (1333333333 33113 3333 333 31 13331 13 33333 (11 13333
, 20, 3 333 13 333331333313 (11 questo non resta 31133 (13 33333-

3333131 1313 333311331333313 (11 3331133 3313333, 333 333313
pel 31333333 13 33313 (13113 33333313 3333313 333313 33313
313133313 33 333313, 3113 forma quasi 3331333333313 333
1331111 (11 33333 3111313333. 83333331313333 1’ 33333 333 333-
33333, 3133 33313 31 muro 3333313 31331333313. 1333331313 31
(13113 333313 31 33313 33333 (1131313 3111313333 333 333113331ιί
ed 3333111. Α11’ angelo 31313133 (11113113 3331311110333331333
133313 3133 33ι3 33 131311313.1)1313333113 3113 3313333 3ι 1 33
muro, 3113 333113 3133 cinge 13 casa (13 1313 33( 13 (11313313
(13113 3313333 333 (133133 (11 palmi, 333 311331ιί (1131333113
3113 33331333313311 3313333. Fra 31133133 3 3113313ο’ vi resta
(1131313 33 333333 (13313 333 33333131333 1333313 (1313333-
33331313, 33313 mezzo un 13313 333 31313, come quei dei
13311 13313311, 3 33333 (13111333333331313 313311333 degli 33
133333111 133133333311331111 1n 311ο’ 33 33313 33 grosso 13-
31333 composui (13333333 frondi, 3113 331333 (11 fico. Sopra'
gli 3313333111,’ 31331331, 3333 1’ 3313 31 3331333 (1131311 degli
333311131 33133313 33 313333 33331333313311 3113333313 che
33333 33331333 1333331313 (1131313 Ν31 31333133 3133 33313 (13113
33113 (131 triclinio 311 un fregio 333 conigli morti, 3 varie
sorte di· 33331 3 33111. 033113 3133 33333333 311, chi tali 311
1333 sono 313113 331113 ma ad 333 modo 333133331113333 che
sosse'ro 333 (1133331313, prima 3113 333333 3333133333133
3313331331.

2 113333- si 313 levando la 13333 (13 sopra 13 strada (113·
133 13 3333 (11 1113333. Ricercandosi 13 333133 nel 3133313 33(-
1113 333 331313 11 quadro di 31113333, 31 333331 333 33333113.
(11 1333 3 Pulizzato 11 piano (131 3331311113 ove sono 11 131- ’
311313 ed il hagno, vi 311 33333313 33 33313113 (11 31331133
333 313333 3131331 (11 hronzo: essendosi trovato il giorno 33.
333333 33333313 33 33333 (11 31331133 13113’ via 33113 33113, 1

 

