272 13311131

13313133 13 3333, 3113 331. 5. 11133333 131313 3111313, 313113133 3313
invase. Lucerna iahia 313331331 3311333, cd 3113 33313 31 3131113113
un 33333 31 31313 3113 13131133 333113, 333 33311333131 13 33313113 331-
13. Num. 37 pezzi che 1333131333 33 131113133313 cd 31133 31111113 133-
bile. Forma 33 33331 33311333113 333 333 3313131113111113313 311111133,
31331. 33331313 331. 1111. 11331313 gandi 3313. 7 33 333 31 33313.
1133 bilichi grandi. -11313133313 degli 3333111 antichi 1333311 311331-
331 3333 ii di 18 333313 1813, 131333 331 33313 13 M. S. 3133111311331-
1111111111111111111111 cccccccccc„
113313131333333113333333333 lunga 311. 2, 13133 311. 1 111, 3113
33313 33333 3331113 113113 3311133 31 13333. E 3333111 13311313 333 13 1313
33313 (13 333 figura 33311311331333; 33311 31 333311 31333133 33 31111-
3133113 33113 333 base, 3113 13313133 333 3331133 133331 grandi, 133 313113
13 33311 3333333 3331113 331333331 333311 31 11331 3133331 33113 1113-
3133113311 elegante, 3113 333313333 11 3331333311 131333333. 53333 111
33113 3333333, 33113 33113 31 avanti 3113313 333113331311311311133-
33, 31333113 331 33333 3333131333 33 133313113 333 111333 33113 33-
3133. 1131131113 311113 31 33113 1331133313 31 33313 333 3133313 333,
33313 31331313113. 1113 133133, 333 3333333 13 133333 33113 31 33333 3 1
11111111111111111211 111111111111111113131·

· 1
331 13 13331333 33113 33313 1133331113, 3333333313 13113333 31113333
1333333331 3113 3133313311 1333311131333.Ρ13331333333131133331133113
333 3313313113. 1133 33113333 311331331 3311 133331331 33 333 31 33331 33-
333 131333333. 1333333 3331. ’1. 333 1 (1331331111131113111131331333-
posti 333 3333331113 3 3111133113 lunga 3333 ’1. 11113 31 113313 313133-
3311 33 33 1331133113, 1333133 13131313 33 testae 3311331331, lunga
3333111133 33 33 1333133113 3 1333133 c 1113133 1333, 13331 3333 1111.
11113 3333 13 331313133113 333 3133133 33113, lunga 3333 1111. Lu·
3333331133131313311131313313311333133333311, lunga once 1111. 11-
133 33 33 1313133113 13113 senza 11113133, lunga 33333 111.1133331333111
33111 33 13133133331131 manico, ornato 113113 333131133313311 31 Ρ33-
3333133, 3113331. 1 33 33331. 11333 3131113 3 1133 manichi, 3131111 gli
33333111333 3333111, 31133333 111111. 11113 3113113 11133333 111111.
11133 simile 33 33 3133133 3113 3333 9. 1133 311313131111, 3113 333 33-
33 8, 3 1131113 once 131. 11133 simile con 3333113 33113 33333113 3113
3333 8111. 11333 31 113313 3131313313 adun 31113133, 313313 3113 333·
33113 33 13313 31 (11333 13131333, 3113 3333 ’1 111. 11133 333 33113 331-
13 3 13111113 3113 hocca 33313 c perpendiculo, 3113 3333 11111. 11333 31
113333 quasi 3131131, 33113 33113, 113333 331113 333113 3311333311, 1113
3333 9 11. 11133 31 figura 33313333, 33113333 1333333313 333111 331
11333311, 13113 33 33 1333133, 3113 3333 8. 11133 31113333 3133313313 33
33 manico, 3113 1113 33333113 ha 333 113331 31 3113 3 3113 333313113111313
3113 331. 1 33 3333 8111. 1133131133 33 33 31111133 1113 33331111.
53331113 333 bel manico, 3113 3333 13113, 33113 331 333113. 11133
113113 131133 di quelli detti 33111313131,1333 3113 1313313111 13313311 113
3111333 33113 33313331 13333 h 13311311131333313, 3113 331. 1 111 , 3 31
3113113 31331. 3113113333.1133 13313 31 133313 33113 grandem naturaie.
1131333 33313 3333313311 331 1333133 31333, diametro 3333 'i 111. 1133

 

