' 91 13113331311133113111111113313311

131113331333 13113 3131113, 311313 3113113 3113 strada 3113 113333
33113 13 mura 13113 31111. Gli 3113131133311 1311131111333311313
(13331 opera sono stati poco 11111 di 10, 3 13 331113 2 33113113.

15 83113111113-1131 131313113 13113 313311 31 monumenti
111111Ιί 111111111111111111161111111111(θὲ
(113133111111111111111311 (1331113333 313311 ri questi, si 1 1131313
3331333133113111331133131331131. 6313333 7, alta 1131. 1111,
33113 33333313 1331131333. ,

1111101· F 111311
servio
11113111
3313131133 · 33311( · 113113
ω 00 11( 111133331313113113313311

0110 · PONENDAM · CENSVERVNT
SCAVRVS · PATER · FILIO

Si 3331113313 13113 3113313, 3113 (133313 1331313 331133313 331-
133113113 principale 131 11313313113 posto sul 3111131313 111331113
333 1311133111 figurati, 313133311331331311313111131131321131
11333313 333313. Spero 3113 331 33311333131 3131313 13 13113 (13
13113 luogo possa 11313131 11 13313 11 1313 1331131333.

19 831131111113-113113 11333313 3311131333 31 i 13131313 3 le-
var 1311313113111131113 13313 313311 3331131311, 1313 31 11311
113311313113 3113 dissi 331 1313 1311113113 3113311133113. Si 1113113
11313 13 13113 33113 1 33113113 131 3133111333, 3113 13313 33 13
311313 3113 mena 3113 casa di (1331113333 313113133 31133313
11 333 13’ sedili di 131311 1133313. 13 3331133331333 11 13113
3133111333,33113 313333 33113113 31 13 3111333313 13 3131133133
131131 1333111113 3133 31 33131311313 (1131133133313133133113
131313 333 3133333313 113113 superiore, 33113 (13313 31 11313-
13333113333111 1333111ιί 3311313 1311113113 1321 313333 di
(133313 3333. Fra 3313131, (13333 3 1333331, 11 1311113113 11 113
1333131131133311 13 (13331 311313 331113131011313333, 33133
{a 11333313 3311113333 3133111 31313313 11333 3113 questo lavoro
33 333.

{giliuSettembre - Si 3 131313 (13113 13113 per 1133311111311
133131311313, 3113 13313333 13331 13113 lapidi 1311313313113
Arria, 3 poro 11333313 1311 1331131333 1131313 3’ 21 di 133113
11 (1333133333133 131 131331311313,1133311131113331313

13 parte 33 3133 cippo, 31111313 33313333113131313111111131·

 

