28 · nounnnnanvn 333-3333333331( 3133333

1113 1333333 pared, qne 33 11 331. larga 3 3113 como las
otras dos, 33311333 3333333313 33333333133133, 3333113133
33 mascaron, una monaque 11333 33 3333331, 331333 3333-
333 33 architectura: 3 33 13 pintana 33 31133 333 ultimos
muros 33 3333313 113333 1333133313 31 diseno ὸ 33313133 33-
333, 3 33 1333 33 haya 333333133 3133331133, quien 133 133-
313 13 3333333333 3 333133 133 31313333 33133333313333313

31131 3 33.
pfl3 333313- Se han 3333331331313333333 3133133133. 113
333131. Una llava qua 333333 33 33 13331, 33 3333313311113
3333333, 31333 313333, 33313333333, 33 (33333 genna,
31333 31313 31333311133, 3 33 31133 33 31333311 ο 33 1333, 333
3333331113 333 33 333333, 3 (333133 3333333331331333.113
marmol. Una caveza 33 33 termine 33 rojo antiguo 3 qua
salta 33 poco 33 13 barba, qua 33 3113 133. 3113, 33313 33-
333333 333 ramos 3 113333, 3 representa personaje vaj0; 3133
333333 (13 (3333331 blanco consumida3 3133 333333 13331333
(13 3333331 blanco 133. 3113 3113; 333 3333313 (13 33331333
33 alabastro rota en onze pedazos‚ 3 33 33333333 33321 33.
133333 13 33. ancha, 33333 1311333 algnna pieza; 3133 33-
33333313 tambian 3313 33 10. 33. 333 6; 3133 3333333313 1333-
13333313 33 10 33. 311, 333 6; 3133 13333133 notaque 33 33
granito 33 10 33. 333 7; nna (3333 33 31313333 33 3 331. 333

1 331. 31033. 3 1 33. 33333313 qual 3313 3313 33 31333

3333333 33333
3333 33333 133333 3333133 3 313333 3313133 12 3333333 33
3333113 (333 333333333333 3 313333 33331333, como las 33
333133. 113113333 333133. Un padano 33 1333133133, 33 (333
se ohservan algnnas 131333 3 3333313333 33 13331113 33 2331.
3 ¹12 33 quadro, 33 (333 hay tambian algunas 131333. 113 vi·
331311113333133 3333333, 331333 quatro como 33 3333333.
113 33333 3333333133. Un banton 33 1331, 3133 1133133 33 2
331. 3 9 33., un sciamarro ὸ 3133 3 333 131133, 333 133333,
33 (33311113 333 33 mango 1333313333 33333 333 31333 3333
3333333. 113 313333. Una pesa. 33 333333 grande 3 31333
ocho pedazillos. Y tambien 33 1333333313313 33 333333
grande 3 3133 3333333 qua 3333333 33 3333333333, 3 31333
3333333333 que 3333333 33 jabon, 3 31333 11 3333311133
33 333133 33 3333333, 13333 igualea.

10 Annaeo-Se han 3333313333 133 cosas signientes. 113
31313. 1133 monada. 113 (33131. 0133 monada 3333333133, un
medio 1133313, 33 333113 333 31 mango 33333333, ((3 333333

 

333 33 33333331 2 331. 3 1 33. 3113, qna pa- .

