1661 xxv 11. 1161. 16 xxv 11. 11111. 1. 1166611116 69

61166 11 triangulos pequefios, 1 6616166611666, 6 66 611166-
3646 666 66Ι661616611166 6614661666 66 6161661166 66ἀ611ὲ1166166
6 . 66666. 6666666116 6 166 66
6666366 ’1661)61116116, 6 266. 6112166 61666866 116116
66; 6661611166 vaso roto de cohre; una 661166 1616 66 3 pe·
dazos de cobre; 666 6666 66 66161, que 1616666 dedo 6111-
66; 661612136666616, y· dos anillos; 66 616166 12611616666166
11111,...1111111161111111111111116
66 16166 1116666. Y se 116 6666611666 66 666616 66 6616666 66
661661 16661616 66 1 pal. larga, 61 pal. 6266. 66 61666-
116, 16 666 6611 666 66 61 1161616.

25 marzo—se 1166 6666611666 61 616 23 66116 6666666 66
66161, 166 7 66 66666 1 66. 66 61666116. Α 666 66 vaso de
66161666 666666666 6 66. 611161166366611 de 616·
66116 6 16 116666 6116 vaso algo roto de 2 66. 611, 6116 6 6
66. 66 61666116 666 66166666 66661 pi& 66661666 66 2 66.
6116 6 6 66. 66 61666116 666116 6616116666 6611666 66666
661116116, 6 66 assita 66661666 66 166. 61116116 666 66116·
6616 66 6 66. 66 61666116 6116 661166616 66666 1166616 6
1 61661166 (6661161166616666666111166 6116 66116661116 6 6116
6166661116, 66 66166 6 66616 6666611116, 1666 quanto 66 66-
1611 quatro garrafas (16 hidrio, 166 3 66 6 66. 61166, 6 16 6116
de 5 66. 666 66 assa 6666 666; 1166 66666 66 1116116, 666 6
66. 61126116, 6 36661166 61666116 61611666, 61666-
1166 666 66666666 666 ’6116166 66 61666 666 8 66661 6116
7 on. altos; 6116 vaso 66 61666 66 966. 6116; 66 666616 66
1666116166 66 61666 666 66166 1611661

M. AclLl
L 11οΝ

116 66161 661116116, 6 666 161116 66 hidri03 616661666666.
1161161616, 66666 166. 611669 66. 6 ’16 66 61666116, 6116
3 66. 611, por 8 66. 611, 66 61666116, 6116 366. 611661
66. 6 1, 66 61666116. 6116 66 2 66. 61116116 6 166611
6661666116, 611666 3 66. por 5 66. 611, 66 61666116 666
66166666 66 1161161616 66 2 66 6 ’1, 6116, 6166. 6 ¹12 66 616-

66116 66 vaso de 61666 1616 666 666 assas, 666 1166666 6661-

6666, 66 1 66. 6 2 13 66. 66 61666116 1166 66 116116

· 6161661166 1166 66116 166 66 1116116, 6 666 1616 16611166 66

6161616ῃῖἜὲ 1661661166 6666166111 de 616116 66 6 66. larga

 

