16 1031331133( 1111013113( 331033

31111133310131313 11 33(1(13110 30310110 303 13113 13 divisere
3 1311.

1113130 - Nellr 330133 3311111331 31 ὸ 13101310 3 lever
13113 delle 311313, che 13313 (113110 31 (33101111310 30330031·
11303. delle 33333113 13 1133311331 331 (31033130313313 131)-
11311ος queste 131010 033011311 ferri 33113 sterne 0031013111
per 1111111 333 3311131333, perlibente (1331 31310 (13113110
delle 13113, 0 (1330111131 (133113 10131333 (11 strada.

10 ramo - 13 333 333133 che 13313 131313133313 3113 pit»
1313 (1311113033, 31113131013310113 113330 (11 bronze, 10133
1330 (13 eucine.

11 113110 - Ν3113 330133 3311131333 311313101313 313131
13113 (13113 strada che 13313 (113110 31 muro (11111310 303 3333111,
nella 313333 3031033111 che si fece nell’enteeedente 33111313-
33, 33333 essere 0330133 nevile alcuna.

11 110130 -— 1033310. 31 cortile 013 331313 11131131110,1113
11111 11111 1111111111111111111111111111
303 3013131 (11 313330. 033311 3313330 1331113310 11113Ιί11 (11
13110 113310, perche 313133113113310 13 13113 (11310130, ende
303 3111. 1330310 31 (13111 31333131 3031311333 33 3011113 303
113113111313331330313333113111131133133103311311013,30313

31 111313 (13113 103133 3033311313 13 133313 3113 1131313, (113113-

guendosi bene 13 (111131033 del primo (131 33303 011133οε 30110
13 detta gradu si 3030 33013113 33113 13333 (1133110.

18 Marso-Nessa prossima 11333313 3311131333 31313101310
13 333 3111331033, che 13313 31111313311331033 (131 11311311Ιί0
3113333313 33013113 (11 queste abitezione sene 3030331313
per 1311310 333 313333 regolare ed 3111311331013,1333133(1011
1311330 13111313131133’1)311313311,1(131133133131 quando ella
10 31113311. 113330 ambedue queste 313333133011131133113311
cornici di 313030, 3 3030 molto berre dipinte 303 figure, ve·
(131331 urselli. Per 1131311133113 13110 (13113 13113 303 133111
(1311133310 311 13 (13113 313333, 31 13 levando (133313 (1313011113
ch'e 30311130,(13313 333113 e 3131331333313111111310. 1113113111
1133313 Pompei il disegnetore moreni 3 (1133113313 13 parete
303111 3333111, che io ebbi 103013 (11(13331113113 331 mio
1311110110 (131 (11 25 del 1110331130113333101311111313.

25 Marzo-Le do perte come 30113 11333313 3311113333 sie
13101310 113111330111131113033110131033 (1311333333113 13111331
3313110 antecedente 1311110113. 033313 1133310131313 (13 33
31110 0 3011113, che (1113333330 3 dee strare, 333 11331133

 

