1313113111. 113. 331311. 331. r. 1111333111 235

131313, 33 poco 13113 111 1113113 3 33113 33313 1131 naso, 3313
1131313 333313 333 1333133 111 31313 333 33 Genio 3 3333311-
11313, 3113 11333 333 333113 311 333313 111 3311113 31331313.

26 133113- Si 3 3331133313 13 33313 3113 Ρο113 113113 311-
13, 3 contiguo 3113 313333 31 3 11331313 11 1133113 braccio 111
1331133111 333 313133 111113, 111 grandezza 3333 3111 1131 3313-
1313, 333 13 11113113113 1333313113.

ta 8311331313- Ν3113 313333 3113 31 3 1131313 333 31333111 ,

1331133 della grandem 1131 33131313, 13333331311311311113.

23 settembre-Si 3 131313 113113 13113 113 sopra la Ρο113
113113 31113, 331 ’333311333133 131313 anche 33113 strada 33131-
33 113113 31333331113313311311313113, 11313 13 333 313113 1131-
ce 1331133, 3331131313 13 13113 3 guise di termine, lunga pal.
1 3113311 egressa on. 10, 31 3 33313113 la segnente 13311313
33333 1311313 1331 formate:

Μ · PORCI
tta-Exere
Danaam
FRONTEM
PED·XXV
IN·AGRVM
PED·XXV

Questa 313113 313 13131313331331333313133311333331113133
33 1113131313, 1133113 13 1311313 1331131333 3113 313 13313 331 331-
11131131 R. Mesena Fortior, 3113113 33331131313113 113311-
31333 3311113113 1331313 13 33113 333331131131 piano 331133, 3
3113 13 1313313 (1313331331311 3 3331313 333113 113113 33113 an·
1311313 113113 313333 33331313, che 13313113 33 31113 33331313
311 33 11311313. Si 3 31113313 111 1311331313 1313 313113 331 333
3113, 31 331 significare qualche 3333 di 3131313133113331333,
31 perche 33333113 grande, ben 3331133313 331 1311333, 3 3133-
1331331333, 311 anche 11 luogo ben guardam, 113333 diffici-
11331133 3 133113113.
· 30 Settembre—-Si 3 3331133313 13 33313 3113 Ρο113 113113 311-
13, 33113 3113113 3113 13 13313 313311113113 313333 3113 3113 31 113
13 13 313133 1133311113 3311333311311329 taglio 3333313, 313
1131313 133 13313111 1131311133111 33133 3313 311 grande del
33131313, 3133 3113 33. 11; 3 alquanto corrosa 33113 3313113113
1131 capelli 311313333.

1 0113113 - si 3 333113331313333133113Ρο11311311331113,

3 31 3 131313 qualche pnrzione di 13113 anche 33113 3113113 3113

 

