11111111. 111. 11111111. 111. 1. annau. 103

nas, 3 1133 pajaros 31113333 3 1133 33133333133, 3 31133633
633133 33333333 3331313 del cornis0n3 313 33333113 33133-
13313. Α masse 113 1333361333 3333311313113 33333333 113
2331. 3 1033. 3311 331. 3133. 1311313113 de 1113333 333-
31ο; 3 han 1133113 (1333363133 ds 3131313 3333333633 a
nerra, 31 3331131 331. 3331113 33311333 3331131113 , 3 31
3113 da 1 33. 3331113 33311333 33 cavallo.

1 11361313-Η31133113311131363131331133111311331 13131
113 31313133 3 13 3311313 113 313333333333 se 1113 33113 13 se—
31333 33333113, ha 1113333313 333 33 331133 133 dos fajaS, una
113 6 331. 3113 3311 331. 39 33., 3 133113 3313313313, 3333
13 3311313 33 se 33113.

9 113111313- Se ha descubierto 333 13313113 3 3333311363
dos medios gennas, 31133 333313133113313131, dentre 133 qua·
1331133 33 13113 11333333 13311133 331313311331 333 33 como
33 13131133 ambos 333 3331313133331313331132 3 3333113
33.1131113313113; un 133113 113 3131131111 3 33. 311331 33. 3
¹12 113 1113133113, 3 33113133 113 113313 113 3113331131 33. 61113
13333113 1131133331131313113 133 actuales 31313133 3311333·
333113113333 faia 113 33333333 33313 1113313133, 113 333
se 11313 311113 3333113 se 3331313 a descubrrrla, 3 33 333113
18 33., 333 11333311313113 Canart 3 Paderni 333 3333113 31·
menos 113 36 331.; 3113313333 31 mismo travajo biejo 33 ha
1133331113113 333 31311113 113933. 33 3331113, 333 representa
13 animal 3311333 333 3133, 3113 3331313313, 333 representa
1111311133 311 331313 3313333313 algo 1131133633, mediocre-
mente ambas conserbadas. Los jobenes 113 cananea 31 113-
rajo biejo de 11333 33133 narrando 133 33113133, 6113 3133-
311333 3 2 113 31313133 333 113 33333333 113 3319 yn 33331
331.63311.11311,,3113113331.1 363333133133933,
3113113331163113333133113933, 3113633318
311 33. 331331, 2, 3113113 331. 1331 331. 2 3 33. 9311,
3113 113 331. 3 331331. 1 3 33. 6. Las 1133 13133 11331313-
ras, 1331131313113 6331. 36 on. 3311 331. 3 933. repre·
33313 33 hasten 3113313113 333 13113131331133 eernneopiss
333 1133 3313133 31113333, 3 333113 63311333 ; 13 33333113 se·
1113331113.

16 Febrem - Se 113 33313113 113 1133336111 13 1313 63 moy·
33333 33313 , 3113 31113 331 3113133 1133 perimentes que se
13333313311333311331133333, 1333333113 11331. 3311
3313 6 on. En 31 3131133313133313 113 13 3333113113 11333 3
111333 6331113113 ss 113 negano annal 313113, 3313 se hs 113-

 

